Correlation matrix, Row - Column = DNA - RNA, Context = ESR1, positive correlations, option = unit) and threshold = 0.7
endnotes
100010000000000000
010000000000000000
001000000000000000
000110010100000000
000100011100000000
000010011100000000
000001000000000000
000001000000000000
000000011100000000
000000011100000000
000000010100000000
000000010100000000
000000100000000000
000000100000000000
000000100000000000
000000001100000000
000000001100000000
000000001100000000
000000001100000000
000000001100000000
000000000100000000
000000000011011101
000000000011011101
000000000011011101
000000000011011101
000000000011011101
000000000011011101
000000000011011101
000000000011011101
000000000011011101
000000000011010101
000000000011010101
000000000011010101
000000000011010101
000000000011010101
000000000001111101
000000000010011101
000000000010011101
000000000001011101
000000000001011101
000000000001011101
000000000001011101
000000000001011101
000000000010010101
000000000010010101
000000000010010101
000000000010010101
000000000010010101
000000000001010101
000000000001010101
000000000001010101
000000000000101101
000000000000101101
000000000000101101
000000000000101001
000000000000101001
000000000000101001
000000000000101001
000000000000101000
000000000000101000
000000000000101000
000000000000100001
000000000000100001
000000000000100000
000000000000100000
000000000000011101
000000000000011101
000000000000011101
000000000000011101
000000000000011101
000000000000011101
000000000000011101
000000000000011101
000000000000011101
000000000000010101
000000000000010101
000000000000010101
000000000000010101
000000000000010101
000000000000010101
000000000000010101
000000000000010101
000000000000010101
000000000000010101
000000000000010101
000000000000001101
000000000000001101
000000000000001101
000000000000010001
000000000000010001
000000000000010000
000000000000001001
000000000000001001
000000000000001001
000000000000001001
000000000000001001
000000000000001001
000000000000001001
000000000000001001
000000000000001001
000000000000001001
000000000000001001
000000000000000101
000000000000000101
000000000000000101
000000000000000101
000000000000000101
000000000000000101
000000000000000101
000000000000000101
000000000000000101
000000000000000101
000000000000001000
000000000000000010
000000000000000010
000000000000000010
000000000000000010
000000000000000010
000000000000000010
000000000000000010
000000000000000010
000000000000000010
000000000000000010
000000000000000010
000000000000000010
000000000000000010
000000000000000010
000000000000000010
000000000000000010
000000000000000010
000000000000000010
000000000000000010
000000000000000010
000000000000000010
000000000000000010
000000000000000010
000000000000000010
000000000000000010
000000000000000010
000000000000000010
000000000000000010
000000000000000010
000000000000000010
000000000000000010
000000000000000010
000000000000000010
000000000000000010
000000000000000010
000000000000000010
000000000000000010
000000000000000010
000000000000000010
000000000000000010
000000000000000010
000000000000000010
000000000000000001
000000000000000001
000000000000000001
000000000000000001
000000000000000001
000000000000000001
000000000000000001
000000000000000001
000000000000000001
000000000000000001
000000000000000001
000000000000000001
000000000000000001
000000000000000001
000000000000000001
000000000000000001
000000000000000001
000000000000000001
000000000000000001
000000000000000001
000000000000000001
000000000000000001
000000000000000001
000000000000000001
000000000000000001
000000000000000001
000000000000000001
000000000000000001
000000000000000001
000000000000000001
000000000000000001
000000000000000001
000000000000000001
000000000000000001
000000000000000001
