Correlation matrix, Row - Column = DNA - RNA, Context = ESR1, negative correlations, option = unit) and threshold = 0.7
endnotes
110010001110011111
010010000010011111
001000000000100000
000010001110011111
000100000000000000
000001001110011111
000001001110011111
000001000110001110
000000001110011111
000000001110011111
000000100001100000
000000100001100000
000000100001100000
000000001010011111
000000000110001111
000000010000000000
000000010000000000
000000000010011111
000000000001100000
000000000001100000
000000000000011111
000000000000011111
000000000000011111
000000000000011111
000000000000011101
000000000000011101
000000000000011101
000000000000011101
000000000000010101
000000000000010101
000000000000010101
000000000000100000
000000000000100000
000000000000100000
000000000000100000
000000000000001111
000000000000001111
000000000000001101
000000000000001101
000000000000001101
000000000000001101
000000000000001010
000000000000001001
000000000000001001
000000000000001001
000000000000000110
000000000000000110
000000000000000101
000000000000000101
000000000000000101
000000000000000011
000000000000000100
000000000000000100
000000000000000100
000000000000000100
000000000000000100
000000000000000010
000000000000000010
000000000000000010
000000000000000010
000000000000000010
000000000000000010
000000000000000010
000000000000000010
000000000000000010
000000000000000001
000000000000000001
000000000000000001
000000000000000001
000000000000000001
000000000000000001
