start_position	Occurance
40771648	2
15778275	1
35754569	1
50341110	1
20615207	1
981808	1
63928740	1
63938554	1
50362799	1
170418865	1
60971680	1
136146702	1
160739057	1
156806243	1
171635417	1
67558728	1
13771031	1
11965107	1
7915894	1
49250436	1
121131408	1
1609972	1
53936777	1
123968521	1
6427143	1
113532296	1
185643739	1
47733244	1
63321378	1
10333776	1
24949230	1
183122213	1
31052461	1
78945332	1
79360384	1
91954967	1
230203110	1
67307364	1
134905890	1
1629152	1
70290090	1
130380339	1
151656691	1
170763350	1
18058995	1
37570246	1
37952607	1
39097224	1
39901082	1
37125838	1
24606480	1
24630954	1
77376689	1
93934153	1
95709967	1
36612318	1
869899	1
6074845	1
9537389	1
38805705	1
3066807	1
10445310	1
12906620	1
110673856	1
38149336	1
15464246	1
136532152	1
136648193	1
2783953	1
27402162	1
55655604	1
68578969	1
27754875	1
41261958	1
49429401	1
7688758	1
4229498	1
41877120	1
51371606	1
24573268	1
142855061	1
16791811	1
39072767	1
129835283	1
67796665	1
3472374	1
10486395	1
111908565	1
122838500	1
61102395	1
2295645	1
111352252	1
9752486	1
68154768	1
22063773	1
9594551	1
24804281	1
41190277	1
55024253	1
157142933	1
159314783	1
125969144	1
97713560	1
75046463	1
85685175	1
88067780	1
102418689	1
237485428	1
178849705	1
65420652	1
186828953	1
116754385	1
160608100	1
20111939	1
172659018	1
209686178	1
211658657	1
135181315	1
158696892	1
74722495	1
106063246	1
23385217	1
60450520	1
101825974	1
151494030	1
12063377	1
46353734	1
129738974	1
203765176	1
160830160	1
160796074	1
34957608	1
7559270	1
59123381	1
57603846	1
99254714	1
6661253	1
3172346	1
35902480	1
40553769	1
153902531	1
23752743	1
16922915	1
57953424	1
37589984	1
115804733	1
11538717	1
17249176	1
39902275	1
16174649	1
42851184	1
8945867	1
161706972	1
7074537	1
157745733	1
26755200	1
15703172	1
10556966	1
113813811	1
6010689	1
47332147	1
78297143	1
55684568	1
54948018	1
55720367	1
144150526	1
230907318	1
130836916	1
126614443	1
6215786	1
35649295	1
44158811	1
391739	1
110577042	1
77979542	1
191029576	1
122610108	1
76001275	1
6444867	1
53191318	1
37595847	1
76993359	1
79960889	1
88877288	1
89209869	1
47831627	1
68867292	1
168540765	1
157513377	1
202147013	1
99545419	1
36380344	1
83090048	1
55102648	1
76952713	1
111070062	1
180100791	1
107704104	1
160348268	1
55019021	1
79144663	1
71107404	1
21908873	1
84245053	1
35431823	1
58640426	1
3667965	1
118161951	1
21372801	1
69831158	1
39588357	1
105609994	1
80183879	1
101411286	1
111292719	1
86784610	1
68974488	1
69078702	1
69147214	1
89258950	1
126424997	1
89095959	1
17901263	1
5954706	1
26917912	1
134597801	1
76011184	1
38561370	1
60455752	1
70579895	1
139846779	1
74773962	1
159826750	1
57542421	1
42311667	1
42362282	1
42403447	1
42653636	1
46598962	1
135495181	1
118193740	1
118344344	1
118883766	1
46370854	1
46877746	1
157674321	1
39757715	1
43847148	1
47216290	1
53087179	1
92474762	1
160485030	1
30722771	1
118842171	1
27715949	1
108822698	1
157794403	1
158930796	1
159062484	1
203867771	1
203936748	1
157436789	1
58192257	1
45001548	1
46515423	1
37556919	1
42733093	1
130144315	1
54457935	1
14734666	1
132685007	1
70043581	1
110365251	1
75156639	1
15345591	1
33383179	1
70925582	1
41607570	1
124919193	1
181040225	1
23376773	1
19383442	1
23835946	1
32937402	1
41699499	1
50666300	1
118338954	1
60149936	1
17523301	1
54415219	1
4292232	1
53097436	1
27869882	1
28316986	1
100143957	1
32041153	1
191834302	1
80540734	1
35852695	1
85751344	1
67544032	1
153678637	1
26317957	1
87303789	1
86815339	1
19837386	1
45940933	1
167868948	1
65879809	1
127708072	1
34689567	1
69004395	1
98457077	1
122577602	1
39550033	1
16859405	1
46017024	1
16014028	1
82314868	1
38772239	1
114234631	1
114598455	1
151197832	1
67403915	1
26361634	1
29563811	1
183253244	1
118133377	1
110672465	1
62686402	1
28931939	1
111592900	1
178941191	1
203706475	1
211375717	1
19814029	1
35090930	1
29060976	1
21024109	1
26622806	1
88932390	1
124451425	1
137030174	1
70597348	1
35474182	1
8750408	1
159800511	1
128267403	1
114276913	1
93035273	1
99098217	1
52972407	1
73220624	1
103330196	1
7689438	1
32951574	1
124227868	1
155208629	1
81650459	1
48823735	1
29742463	1
205381378	1
112463968	1
63317067	1
72576141	1
71615916	1
84821650	1
151375909	1
17385859	1
189879609	1
71096952	1
99276367	1
156579727	1
241849881	1
169690667	1
39934614	1
73433783	1
116461370	1
23870526	1
80131682	1
28259320	1
28021964	1
36833275	1
150722253	1
155024124	1
150930645	1
26159020	1
8050450	1
544034	1
27128507	1
5510570	1
241995490	1
7729415	1
150143076	1
167430640	1
33310945	1
58805418	1
118304545	1
96325331	1
31097677	1
167679626	1
147508927	1
103273691	1
71103889	1
31863192	1
87148644	1
31588895	1
35464249	1
2418974	1
38299811	1
142328297	1
142313184	1
142391891	1
142450947	1
142469537	1
142482548	1
142492132	1
142500028	1
142320677	1
142345421	1
142618849	1
142626649	1
142656701	1
142791694	1
142715346	1
142720660	1
142796365	1
142797456	1
142801041	1
21712321	1
21723713	1
21736152	1
21749178	1
21768489	1
21797287	1
21825472	1
21841240	1
21846537	1
21852558	1
21868839	1
21887857	1
21894433	1
21918188	1
21924063	1
21941128	1
21965451	1
21978459	1
21990496	1
21997539	1
22007512	1
22040594	1
22052514	1
22070557	1
22086407	1
22096032	1
22105343	1
22112347	1
22123318	1
22147995	1
22221896	1
22226746	1
22271968	1
22304054	1
22320188	1
100779410	1
29514225	1
207662375	1
73413473	1
68355189	1
116775104	1
96019724	1
71110244	1
14317085	1
89407679	1
159194325	1
39091586	1
42733594	1
3912027	1
86948699	1
22863874	1
142300924	1
105917979	1
31572054	1
76090431	1
44921051	1
122618983	1
72570660	1
31580525	1
234438328	1
39334979	1
71183559	1
104703758	1
72021851	1
22854178	1
15688378	1
17214239	1
69472466	1
124445239	1
117473215	1
142462916	1
53366668	1
100104919	1
76071469	1
112177234	1
38406719	1
234527891	1
46455132	1
43027853	1
28048404	1
65030727	1
142740206	1
136639543	1
80535755	1
484107	1
181086076	1
25561909	1
72034107	1
39304956	1
74231457	1
7725801	1
37600136	1
64325050	1
105863416	1
142812586	1
142308542	1
6580419	1
29550407	1
30340270	1
16929816	1
24307166	1
32812763	1
142433895	1
64684909	1
150433654	1
151409161	1
22984596	1
125922308	1
69463026	1
159100483	1
152100754	1
126180065	1
127289817	1
88883328	1
14470465	1
136796722	1
149406689	1
155206529	1
68332888	1
142636924	1
90958637	1
170747047	1
142455174	1
111376639	1
86333274	1
126652852	1
6713536	1
31877079	1
135444218	1
10553363	1
21642889	1
126543947	1
21024172	1
85934710	1
118766965	1
66984108	1
103139675	1
63390136	1
100861843	1
110653560	1
29745247	1
975761	1
44958999	1
86710122	1
69000765	1
40517026	1
35138808	1
35499690	1
35498218	1
41545192	1
54434183	1
17777322	1
50418938	1
35871491	1
108125821	1
27712910	1
142560423	1
142587868	1
142544212	1
142535809	1
35983291	1
142615716	1
142592928	1
142563740	1
61434625	1
143213193	1
46424697	1
72674	1
43109866	1
142529290	1
37204238	1
55704119	1
126496279	1
159106380	1
107697299	1
86908990	1
53910769	1
15790975	1
1605531	1
38341577	1
205434886	1
23565674	1
23567264	1
25495651	1
24168187	1
41855920	1
100943451	1
100974806	1
100981004	1
114414244	1
173910498	1
27157615	1
72103181	1
117674342	1
162022733	1
28213359	1
84678798	1
41394595	1
87750142	1
87795733	1
87746567	1
21552509	1
37473330	1
37305295	1
149094353	1
63083008	1
35254344	1
218129795	1
218031835	1
19130523	1
19046310	1
100940862	1
233738952	1
156646507	1
156641666	1
12901620	1
13246316	1
56029684	1
6938606	1
178377924	1
1666360	1
76976915	1
49863375	1
76242022	1
2935281	1
19567313	1
18872501	1
13248379	1
20575725	1
3002912	1
19691941	1
2934406	1
145961755	1
145939912	1
11332329	1
11314921	1
46243606	1
46259551	1
45600869	1
73394748	1
73368555	1
116820700	1
159587825	1
113215997	1
113211522	1
19282558	1
19265982	1
116663696	1
116670103	1
56477250	1
56439325	1
14927052	1
78326680	1
