Correlation matrix, Row - Column = DNA - RNA, Context = ESR1, negative correlations, option = unit) and threshold = 0.6
endnotes
111100000000000000000000000000000000000000000000000000000000000000
000011100010000000000100000100001000000000011010111010101111101110
000000011000100000001011000000000000000000000000000000000000000000
000000000110001000000100010001001001100100111110111010101111101110
000000000001100000000011000000000000000000000000000000000000000000
000000000000010010000100000000101001100100101010011010101111101110
000000000000001000000100110001001001100100011110111010101111101110
000000000000000100000000100001000001000000000000011010101111101110
000000000000000010000100000000100000000000000010001010101111101110
000000000000000001000000000000000000000000000000000000000000000000
000000000000000000100000000000000000000000000000000000000000000000
000000000000000000010000000000000000000000000000000000000000000000
000000000000000000001000000000000000000000000000000000000000000000
000000000000000000000011000000000000000000000000000000000000000000
000000000000000000000100010000001000100100011010111010101111101110
000000000000000000000100000000101001100100101010111010101111101110
000000000000000000000010000000000000000000000000000000000000000001
000000000000000000000001000000000000000000000000000000000000000000
000000000000000000000000100001001001100000010010111010101111101110
000000000000000000000000100001001001000100000010111010101111101110
000000000000000000000000010100001001100100111010111010101111101110
000000000000000000000000010000000000000100010110010000101111101110
000000000000000000000000001000000000001000000000000000000000010001
000000000000000000000000001000000000000000000000000000000000010001
000000000000000000000000000101001001100100111110111010101111101110
000000000000000000000000000100001001100100111110111010101111101110
000000000000000000000000000100001000100100011010111010101111101110
000000000000000000000000000100001000100000001010111010101111101110
000000000000000000000000000000010110010010000001000101000000000000
000000000000000000000000000000010110010010000001000100000000000000
000000000000000000000000000000010110010010000001000100000000000000
000000000000000000000000000000010110010010000001000100000000000000
000000000000000000000000000000010110010010000001000100000000000000
000000000000000000000000000000010110010010000001000100000000000000
000000000000000000000000000000010110010010000001000100000000000000
000000000000000000000000000000010110010010000001000100000000000000
000000000000000000000000000000101000000000000010001010101111101110
000000000000000000000000000010000000000001000000000000000000010000
000000000000000000000000000010000000000001000000000000000000000000
000000000000000000000000000010000000000000000000000000000000010000
000000000000000000000000000000001001100100011110111010101111101110
000000000000000000000000000000001001100100011110111010101111101110
000000000000000000000000000000001001100100101010001010101111101110
000000000000000000000000000001000000000000011000111010101111101110
000000000000000000000000000001000000000000001000111010101111101110
000000000000000000000000000001000000000000000000000000100101101110
000000000000000000000000000000000110010010000001000100000000000000
000000000000000000000000000000100000000000101010101010101111101110
000000000000000000000000000000100000000000101010001010001101101110
000000000000000000000000000000100000000000000000001010101110100100
000000000000000000000000000000001000000000011010111010101111101110
000000000000000000000000000000000100010010000001000000000000000000
000000000000000000000000000000000001100100011110111010101111101110
000000000000000000000000000000000001100100011010111010101111101110
000000000000000000000000000000000010010010000001000101000000000000
000000000000000000000000000000000010010000000001000101000000000000
000000000000000000000000000000000000100100001010111010101111101110
000000000000000000000000000000000001000000000000111010101111101110
000000000000000000000000000000000001000000000000001010101110100100
000000000000000000000000000000000000100000011010011010101111101110
000000000000000000000000000000000000010010000001000100000000000000
000000000000000000000000000000000000010010000001000000000000000000
000000000000000000000000000000000000100000000000000000100101001110
000000000000000000000000000000000000001001000000000000000000010001
000000000000000000000000000000000000001000000000000000010000010001
000000000000000000000000000000000000001000000000000000000000010001
000000000000000000000000000000000000001000000000000000000000010001
000000000000000000000000000000000000000100010010111010101111101110
000000000000000000000000000000000000000100100010000000101111101110
000000000000000000000000000000000000000100000100011000101111101110
000000000000000000000000000000000000000100000000000000001000000000
000000000000000000000000000000000000000010000001000100000000000000
000000000000000000000000000000000000000010000001000100000000000000
000000000000000000000000000000000000000010000001000000000000000000
000000000000000000000000000000000000000000101000101010101111101110
000000000000000000000000000000000000000000101000101010101111101110
000000000000000000000000000000000000000000110000001000000111101110
000000000000000000000000000000000000000000101000001000001101101110
000000000000000000000000000000000000000001000000000000010000000000
000000000000000000000000000000000000000001000000000000010000000000
000000000000000000000000000000000000000001000000000000010000000000
000000000000000000000000000000000000000001000000000000010000000000
000000000000000000000000000000000000000000100010001010001101101100
000000000000000000000000000000000000000000010100100000101111101110
000000000000000000000000000000000000000000100010000010001111101110
000000000000000000000000000000000000000000001010111010101111101110
000000000000000000000000000000000000000000010100010000101111001110
000000000000000000000000000000000000000000001010011010101111101110
000000000000000000000000000000000000000000001000111010101111101110
000000000000000000000000000000000000000000001000111010101111101110
000000000000000000000000000000000000000000100000000000000000001100
000000000000000000000000000000000000000000010000001010101111101110
000000000000000000000000000000000000000000001010001010001101101110
000000000000000000000000000000000000000000001000101010101111101110
000000000000000000000000000000000000000000000110011010101111101110
000000000000000000000000000000000000000000010000000000000011101110
000000000000000000000000000000000000000000010000000000000000001100
000000000000000000000000000000000000000000000010111010101111101110
000000000000000000000000000000000000000000001000000010001110100100
000000000000000000000000000000000000000000000010011010101001101110
000000000000000000000000000000000000000000000010100010001000001110
000000000000000000000000000000000000000000000010011010001001101110
000000000000000000000000000000000000000000000000111010101111101110
000000000000000000000000000000000000000000000010010000101111101110
000000000000000000000000000000000000000000000010001010101101101110
000000000000000000000000000000000000000000000000111000001111101110
000000000000000000000000000000000000000000000000110000101111101110
000000000000000000000000000000000000000000000100000000101111101110
000000000000000000000000000000000000000000000010001000001101101110
000000000000000000000000000000000000000000000100000000100011101110
000000000000000000000000000000000000000000000100000000000101101110
000000000000000000000000000000000000000000000100000000000001001110
000000000000000000000000000000000000000000000100000000000000000110
000000000000000000000000000000000000000000000000100010101101101110
000000000000000000000000000000000000000000000001000101000000000000
000000000000000000000000000000000000000000000001000101000000000000
000000000000000000000000000000000000000000000001000101000000000000
000000000000000000000000000000000000000000000001000101000000000000
000000000000000000000000000000000000000000000000100010000100100100
000000000000000000000000000000000000000000000001000100000000000000
000000000000000000000000000000000000000000000000100000000101101100
000000000000000000000000000000000000000000000001000000000000000000
000000000000000000000000000000000000000000000000010000101111101110
000000000000000000000000000000000000000000000000001010101111101110
000000000000000000000000000000000000000000000000001010101111101110
000000000000000000000000000000000000000000000000001010101110101110
000000000000000000000000000000000000000000000000010000001111101110
000000000000000000000000000000000000000000000000001010100111101110
000000000000000000000000000000000000000000000000001010001111101110
000000000000000000000000000000000000000000000000001010001111101100
000000000000000000000000000000000000000000000000001010100011101110
000000000000000000000000000000000000000000000000001010001100101100
000000000000000000000000000000000000000000000000010000000001101110
000000000000000000000000000000000000000000000000010000000000000000
000000000000000000000000000000000000000000000000000010101111101110
000000000000000000000000000000000000000000000000000010101111101110
000000000000000000000000000000000000000000000000000010101111101110
000000000000000000000000000000000000000000000000000010101010101100
000000000000000000000000000000000000000000000000000101000000000000
000000000000000000000000000000000000000000000000000101000000000000
000000000000000000000000000000000000000000000000000101000000000000
000000000000000000000000000000000000000000000000000101000000000000
000000000000000000000000000000000000000000000000000010001011101100
000000000000000000000000000000000000000000000000001000000000100100
000000000000000000000000000000000000000000000000000000101111101110
000000000000000000000000000000000000000000000000000000101111101110
000000000000000000000000000000000000000000000000000000101111101110
000000000000000000000000000000000000000000000000000000101111101110
000000000000000000000000000000000000000000000000000000101111101110
000000000000000000000000000000000000000000000000000010000101101100
000000000000000000000000000000000000000000000000000000101011101110
000000000000000000000000000000000000000000000000000000101011101110
000000000000000000000000000000000000000000000000000100000000000000
000000000000000000000000000000000000000000000000000100000000000000
000000000000000000000000000000000000000000000000000000100111101110
000000000000000000000000000000000000000000000000000000101010101110
000000000000000000000000000000000000000000000000000000100101101110
000000000000000000000000000000000000000000000000000000100011101110
000000000000000000000000000000000000000000000000000000001110100110
000000000000000000000000000000000000000000000000000000001011101110
000000000000000000000000000000000000000000000000000000000111101110
000000000000000000000000000000000000000000000000000000001001101110
000000000000000000000000000000000000000000000000000001000000000000
000000000000000000000000000000000000000000000000000001000000000000
000000000000000000000000000000000000000000000000000001000000000000
000000000000000000000000000000000000000000000000000001000000000000
000000000000000000000000000000000000000000000000000001000000000000
000000000000000000000000000000000000000000000000000000000101101110
000000000000000000000000000000000000000000000000000000000101101110
000000000000000000000000000000000000000000000000000000000101101110
000000000000000000000000000000000000000000000000000000010000000001
000000000000000000000000000000000000000000000000000000010000000000
000000000000000000000000000000000000000000000000000000010000000000
000000000000000000000000000000000000000000000000000000010000000000
000000000000000000000000000000000000000000000000000000010000000000
000000000000000000000000000000000000000000000000000000010000000000
000000000000000000000000000000000000000000000000000000010000000000
000000000000000000000000000000000000000000000000000000010000000000
000000000000000000000000000000000000000000000000000000000101001110
000000000000000000000000000000000000000000000000000000000110000000
000000000000000000000000000000000000000000000000000000001000000000
000000000000000000000000000000000000000000000000000000000100100000
000000000000000000000000000000000000000000000000000000000011001110
000000000000000000000000000000000000000000000000000000000001101110
000000000000000000000000000000000000000000000000000000000001101110
000000000000000000000000000000000000000000000000000000000001101110
000000000000000000000000000000000000000000000000000000000010100000
000000000000000000000000000000000000000000000000000000000010100000
000000000000000000000000000000000000000000000000000000000010100000
000000000000000000000000000000000000000000000000000000000010100000
000000000000000000000000000000000000000000000000000000000010100000
000000000000000000000000000000000000000000000000000000000001001110
000000000000000000000000000000000000000000000000000000000001001110
000000000000000000000000000000000000000000000000000000000001001110
000000000000000000000000000000000000000000000000000000000001001110
000000000000000000000000000000000000000000000000000000000001001110
000000000000000000000000000000000000000000000000000000000010001010
000000000000000000000000000000000000000000000000000000000010000000
000000000000000000000000000000000000000000000000000000000000101110
000000000000000000000000000000000000000000000000000000000000101110
000000000000000000000000000000000000000000000000000000000000101010
000000000000000000000000000000000000000000000000000000000000100100
000000000000000000000000000000000000000000000000000000000000100010
000000000000000000000000000000000000000000000000000000000000100000
000000000000000000000000000000000000000000000000000000000000100000
000000000000000000000000000000000000000000000000000000000000001110
000000000000000000000000000000000000000000000000000000000000001110
000000000000000000000000000000000000000000000000000000000000001110
000000000000000000000000000000000000000000000000000000000000001110
000000000000000000000000000000000000000000000000000000000000001110
000000000000000000000000000000000000000000000000000000000000001110
000000000000000000000000000000000000000000000000000000000000001110
000000000000000000000000000000000000000000000000000000000000001110
000000000000000000000000000000000000000000000000000000000000001110
000000000000000000000000000000000000000000000000000000000000001110
000000000000000000000000000000000000000000000000000000000000010001
000000000000000000000000000000000000000000000000000000000000010001
000000000000000000000000000000000000000000000000000000000000010001
000000000000000000000000000000000000000000000000000000000000010001
000000000000000000000000000000000000000000000000000000000000010001
000000000000000000000000000000000000000000000000000000000000010001
000000000000000000000000000000000000000000000000000000000000010001
000000000000000000000000000000000000000000000000000000000000010001
000000000000000000000000000000000000000000000000000000000000010001
000000000000000000000000000000000000000000000000000000000000010001
000000000000000000000000000000000000000000000000000000000000010001
000000000000000000000000000000000000000000000000000000000000010001
000000000000000000000000000000000000000000000000000000000000010001
000000000000000000000000000000000000000000000000000000000000010001
000000000000000000000000000000000000000000000000000000000000010001
000000000000000000000000000000000000000000000000000000000000001100
000000000000000000000000000000000000000000000000000000000000001100
000000000000000000000000000000000000000000000000000000000000001100
000000000000000000000000000000000000000000000000000000000000001100
000000000000000000000000000000000000000000000000000000000000010000
000000000000000000000000000000000000000000000000000000000000010000
000000000000000000000000000000000000000000000000000000000000010000
000000000000000000000000000000000000000000000000000000000000010000
000000000000000000000000000000000000000000000000000000000000010000
000000000000000000000000000000000000000000000000000000000000010000
000000000000000000000000000000000000000000000000000000000000001010
000000000000000000000000000000000000000000000000000000000000001010
000000000000000000000000000000000000000000000000000000000000000110
000000000000000000000000000000000000000000000000000000000000000110
000000000000000000000000000000000000000000000000000000000000000110
000000000000000000000000000000000000000000000000000000000000000110
000000000000000000000000000000000000000000000000000000000000000110
000000000000000000000000000000000000000000000000000000000000001000
000000000000000000000000000000000000000000000000000000000000001000
000000000000000000000000000000000000000000000000000000000000001000
000000000000000000000000000000000000000000000000000000000000001000
000000000000000000000000000000000000000000000000000000000000000100
000000000000000000000000000000000000000000000000000000000000000100
000000000000000000000000000000000000000000000000000000000000000100
000000000000000000000000000000000000000000000000000000000000000010
000000000000000000000000000000000000000000000000000000000000000010
000000000000000000000000000000000000000000000000000000000000000010
000000000000000000000000000000000000000000000000000000000000000010
000000000000000000000000000000000000000000000000000000000000000010
000000000000000000000000000000000000000000000000000000000000000010
000000000000000000000000000000000000000000000000000000000000000010
000000000000000000000000000000000000000000000000000000000000000010
000000000000000000000000000000000000000000000000000000000000000010
000000000000000000000000000000000000000000000000000000000000000010
000000000000000000000000000000000000000000000000000000000000000001
000000000000000000000000000000000000000000000000000000000000000001
000000000000000000000000000000000000000000000000000000000000000001
000000000000000000000000000000000000000000000000000000000000000001
000000000000000000000000000000000000000000000000000000000000000001
000000000000000000000000000000000000000000000000000000000000000001
000000000000000000000000000000000000000000000000000000000000000001
000000000000000000000000000000000000000000000000000000000000000001
000000000000000000000000000000000000000000000000000000000000000001
000000000000000000000000000000000000000000000000000000000000000001
000000000000000000000000000000000000000000000000000000000000000001
000000000000000000000000000000000000000000000000000000000000000001
000000000000000000000000000000000000000000000000000000000000000001
000000000000000000000000000000000000000000000000000000000000000001
000000000000000000000000000000000000000000000000000000000000000001
000000000000000000000000000000000000000000000000000000000000000001
000000000000000000000000000000000000000000000000000000000000000001
000000000000000000000000000000000000000000000000000000000000000001
000000000000000000000000000000000000000000000000000000000000000001
000000000000000000000000000000000000000000000000000000000000000001
