228	30
1	1	-1.0
1	3	-1.0
1	14	-1.0
1	15	-1.0
1	17	-1.0
1	20	-1.0
1	21	-1.0
1	23	-1.0
1	24	-1.0
1	25	-1.0
2	2	-1.0
2	3	-1.0
2	15	-1.0
2	16	-1.0
2	17	-1.0
2	20	-1.0
2	24	-1.0
2	25	-1.0
3	2	-1.0
3	3	-1.0
3	17	-1.0
3	20	-1.0
3	21	-1.0
3	23	-1.0
3	24	-1.0
3	25	-1.0
4	4	-1.0
4	15	-1.0
4	16	-1.0
4	17	-1.0
4	20	-1.0
4	21	-1.0
4	23	-1.0
4	24	-1.0
4	25	-1.0
4	30	1.0
5	15	-1.0
5	16	-1.0
5	17	-1.0
5	21	-1.0
5	23	-1.0
5	24	-1.0
5	25	-1.0
5	30	1.0
6	5	-1.0
7	6	1.0
8	7	-1.0
9	8	-1.0
10	9	1.0
11	10	1.0
12	11	-1.0
13	12	1.0
14	13	1.0
15	14	-1.0
16	15	-1.0
16	21	-1.0
16	23	-1.0
16	24	-1.0
16	25	-1.0
16	30	1.0
17	16	-1.0
17	17	-1.0
17	25	-1.0
18	17	-1.0
18	20	-1.0
18	21	-1.0
18	23	-1.0
18	24	-1.0
18	25	-1.0
18	30	1.0
19	16	-1.0
19	25	-1.0
20	17	-1.0
20	30	1.0
21	18	1.0
21	19	1.0
21	26	1.0
21	27	1.0
21	28	1.0
21	29	1.0
22	18	1.0
22	19	1.0
22	26	1.0
22	27	1.0
22	28	1.0
22	29	1.0
23	18	1.0
23	19	1.0
23	26	1.0
23	27	1.0
23	28	1.0
23	29	1.0
24	18	1.0
24	19	1.0
24	26	1.0
24	27	1.0
24	28	1.0
24	29	1.0
25	18	1.0
25	19	1.0
25	26	1.0
25	27	1.0
25	28	1.0
25	29	1.0
26	18	1.0
26	19	1.0
26	27	1.0
26	28	1.0
26	29	1.0
27	18	1.0
27	19	1.0
27	27	1.0
27	28	1.0
27	29	1.0
28	19	1.0
28	22	1.0
28	26	1.0
28	28	1.0
28	29	1.0
29	20	-1.0
29	21	-1.0
29	23	-1.0
29	24	-1.0
29	25	-1.0
29	30	1.0
30	19	1.0
30	26	1.0
30	27	1.0
30	28	1.0
30	29	1.0
31	19	1.0
31	26	1.0
31	27	1.0
31	28	1.0
31	29	1.0
32	19	1.0
32	26	1.0
32	27	1.0
32	28	1.0
32	29	1.0
33	19	1.0
33	26	1.0
33	27	1.0
33	28	1.0
33	29	1.0
34	20	-1.0
34	21	-1.0
34	23	-1.0
34	24	-1.0
34	25	-1.0
35	20	-1.0
35	21	-1.0
35	23	-1.0
35	24	-1.0
35	25	-1.0
36	20	-1.0
36	21	-1.0
36	23	-1.0
36	24	-1.0
36	25	-1.0
37	20	-1.0
37	21	-1.0
37	23	-1.0
37	24	-1.0
37	25	-1.0
38	20	-1.0
38	21	-1.0
38	23	-1.0
38	24	-1.0
38	25	-1.0
39	19	1.0
39	26	1.0
39	28	1.0
39	29	1.0
40	19	1.0
40	27	1.0
40	28	1.0
40	29	1.0
41	20	-1.0
41	21	-1.0
41	23	-1.0
41	24	-1.0
41	30	1.0
42	20	-1.0
42	21	-1.0
42	23	-1.0
42	24	-1.0
42	30	1.0
43	20	-1.0
43	21	-1.0
43	23	-1.0
43	24	-1.0
43	30	1.0
44	20	-1.0
44	21	-1.0
44	23	-1.0
44	24	-1.0
44	30	1.0
45	20	-1.0
45	21	-1.0
45	23	-1.0
45	24	-1.0
45	30	1.0
46	20	-1.0
46	21	-1.0
46	23	-1.0
46	24	-1.0
46	30	1.0
47	18	1.0
47	27	1.0
47	28	1.0
47	29	1.0
48	18	1.0
48	27	1.0
48	28	1.0
48	29	1.0
49	21	-1.0
49	23	-1.0
49	24	-1.0
49	25	-1.0
49	30	1.0
50	21	-1.0
50	23	-1.0
50	24	-1.0
50	25	-1.0
50	30	1.0
51	21	-1.0
51	23	-1.0
51	24	-1.0
51	25	-1.0
51	30	1.0
52	20	-1.0
52	21	-1.0
52	23	-1.0
52	24	-1.0
53	20	-1.0
53	21	-1.0
53	23	-1.0
53	24	-1.0
54	20	-1.0
54	21	-1.0
54	23	-1.0
54	24	-1.0
55	20	-1.0
55	21	-1.0
55	23	-1.0
55	24	-1.0
56	20	-1.0
56	21	-1.0
56	23	-1.0
56	24	-1.0
57	20	-1.0
57	21	-1.0
57	23	-1.0
57	24	-1.0
58	22	1.0
58	26	1.0
58	27	1.0
58	28	1.0
58	29	1.0
59	21	-1.0
59	23	-1.0
59	24	-1.0
59	30	1.0
60	21	-1.0
60	23	-1.0
60	24	-1.0
60	30	1.0
61	21	-1.0
61	23	-1.0
61	24	-1.0
61	30	1.0
62	21	-1.0
62	23	-1.0
62	24	-1.0
62	30	1.0
63	21	-1.0
63	23	-1.0
63	24	-1.0
63	30	1.0
64	21	-1.0
64	23	-1.0
64	24	-1.0
64	30	1.0
65	21	-1.0
65	23	-1.0
65	24	-1.0
65	30	1.0
66	21	-1.0
66	23	-1.0
66	24	-1.0
66	30	1.0
67	21	-1.0
67	23	-1.0
67	24	-1.0
67	30	1.0
68	21	-1.0
68	23	-1.0
68	24	-1.0
68	30	1.0
69	21	-1.0
69	23	-1.0
69	24	-1.0
69	30	1.0
70	21	-1.0
70	23	-1.0
70	24	-1.0
70	30	1.0
71	21	-1.0
71	23	-1.0
71	24	-1.0
71	30	1.0
72	21	-1.0
72	23	-1.0
72	24	-1.0
72	30	1.0
73	20	-1.0
73	23	-1.0
73	24	-1.0
74	20	-1.0
74	23	-1.0
74	24	-1.0
75	22	1.0
75	26	1.0
75	28	1.0
75	29	1.0
76	21	-1.0
76	23	-1.0
76	24	-1.0
77	21	-1.0
77	23	-1.0
77	24	-1.0
78	21	-1.0
78	23	-1.0
78	24	-1.0
79	21	-1.0
79	23	-1.0
79	24	-1.0
80	26	1.0
80	27	1.0
80	28	1.0
80	29	1.0
81	26	1.0
81	27	1.0
81	28	1.0
81	29	1.0
82	26	1.0
82	27	1.0
82	28	1.0
82	29	1.0
83	26	1.0
83	27	1.0
83	28	1.0
83	29	1.0
84	26	1.0
84	27	1.0
84	28	1.0
84	29	1.0
85	26	1.0
85	27	1.0
85	28	1.0
85	29	1.0
86	26	1.0
86	27	1.0
86	28	1.0
86	29	1.0
87	26	1.0
87	27	1.0
87	28	1.0
87	29	1.0
88	26	1.0
88	27	1.0
88	28	1.0
88	29	1.0
89	21	-1.0
89	24	-1.0
89	30	1.0
90	21	-1.0
90	23	-1.0
90	30	1.0
91	21	-1.0
91	23	-1.0
91	30	1.0
92	21	-1.0
92	23	-1.0
92	30	1.0
93	21	-1.0
93	23	-1.0
93	30	1.0
94	21	-1.0
94	23	-1.0
94	30	1.0
95	21	-1.0
95	23	-1.0
95	30	1.0
96	21	-1.0
96	23	-1.0
96	30	1.0
97	21	-1.0
97	23	-1.0
97	30	1.0
98	21	-1.0
98	25	-1.0
98	30	1.0
99	22	1.0
99	26	1.0
99	29	1.0
100	22	1.0
100	26	1.0
100	29	1.0
101	22	1.0
101	26	1.0
101	29	1.0
102	22	1.0
102	26	1.0
102	29	1.0
103	22	1.0
103	26	1.0
103	29	1.0
104	23	-1.0
104	25	-1.0
104	30	1.0
105	25	-1.0
105	30	1.0
106	25	-1.0
106	30	1.0
107	21	-1.0
107	23	-1.0
108	26	-1.0
108	27	-1.0
108	29	-1.0
109	26	1.0
109	28	1.0
109	29	1.0
110	26	1.0
110	28	1.0
110	29	1.0
111	26	1.0
111	28	1.0
111	29	1.0
112	26	1.0
112	28	1.0
112	29	1.0
113	26	1.0
113	28	1.0
113	29	1.0
114	27	1.0
114	28	1.0
114	29	1.0
115	27	1.0
115	28	1.0
115	29	1.0
116	27	1.0
116	28	1.0
116	29	1.0
117	27	1.0
117	28	1.0
117	29	1.0
118	27	1.0
118	28	1.0
118	29	1.0
119	27	1.0
119	28	1.0
119	29	1.0
120	27	1.0
120	28	1.0
120	29	1.0
121	27	1.0
121	28	1.0
121	29	1.0
122	27	1.0
122	28	1.0
122	29	1.0
123	27	1.0
123	28	1.0
123	29	1.0
124	27	1.0
124	28	1.0
124	29	1.0
125	27	1.0
125	28	1.0
125	29	1.0
126	27	1.0
126	28	1.0
126	29	1.0
127	27	1.0
127	28	1.0
127	29	1.0
128	27	1.0
128	28	1.0
128	29	1.0
129	23	-1.0
129	24	-1.0
130	23	-1.0
130	24	-1.0
131	23	-1.0
131	24	-1.0
132	23	-1.0
132	24	-1.0
133	23	-1.0
133	24	-1.0
134	24	-1.0
134	25	-1.0
135	24	-1.0
135	25	-1.0
136	22	1.0
136	26	1.0
137	22	1.0
137	26	1.0
138	22	1.0
138	26	1.0
139	22	1.0
139	26	1.0
140	25	1.0
141	25	1.0
142	25	-1.0
143	25	-1.0
144	25	1.0
145	23	-1.0
145	30	1.0
146	23	-1.0
146	30	1.0
147	24	-1.0
147	30	1.0
148	24	-1.0
148	30	1.0
149	27	1.0
149	29	1.0
150	27	1.0
150	29	1.0
151	27	1.0
151	29	1.0
152	27	1.0
152	29	1.0
153	27	1.0
153	29	1.0
154	28	1.0
154	29	1.0
155	28	1.0
155	29	1.0
156	28	1.0
156	29	1.0
157	28	1.0
157	29	1.0
158	28	1.0
158	29	1.0
159	28	1.0
159	29	1.0
160	28	1.0
160	29	1.0
161	28	1.0
161	29	1.0
162	28	1.0
162	29	1.0
163	28	1.0
163	29	1.0
164	28	1.0
164	29	1.0
165	28	1.0
165	29	1.0
166	22	1.0
167	22	1.0
168	22	1.0
169	22	1.0
170	26	1.0
170	29	1.0
171	26	1.0
171	29	1.0
172	26	1.0
172	29	1.0
173	26	1.0
173	29	1.0
174	26	1.0
174	29	1.0
175	26	1.0
175	29	1.0
176	26	1.0
176	29	1.0
177	26	1.0
177	29	1.0
178	26	1.0
178	29	1.0
179	26	1.0
179	29	1.0
180	26	1.0
180	29	1.0
181	26	1.0
181	29	1.0
182	26	1.0
182	29	1.0
183	23	-1.0
184	23	-1.0
185	23	-1.0
186	24	-1.0
187	26	1.0
188	26	1.0
189	26	1.0
190	29	1.0
191	29	1.0
192	29	1.0
193	29	1.0
194	29	1.0
195	29	1.0
196	29	1.0
197	29	1.0
198	29	1.0
199	29	1.0
200	29	1.0
201	29	1.0
202	30	1.0
203	30	1.0
204	30	1.0
205	30	1.0
206	30	1.0
207	30	1.0
208	30	1.0
209	30	1.0
210	30	1.0
211	30	1.0
212	30	1.0
213	30	1.0
214	30	1.0
215	30	1.0
216	30	1.0
217	30	1.0
218	30	1.0
219	30	1.0
220	30	1.0
221	30	1.0
222	30	1.0
223	30	1.0
224	30	1.0
225	30	1.0
226	30	1.0
227	30	1.0
228	30	1.0
