Correlation matrix, Row - Column = DNA - RNA, Context = ESR1, both signs correlations, option = unit) and threshold = 0.7
endnotes
100000000001011010001100110100
010000000000001110001100110110
000000000000111110001100010000
000000000000110010001100110100
001000000000000000000000000000
000100000000000000000000000000
000010000000000000000000000000
000001000000000000000000000000
000000100000000000000000000000
000000010000000000000000000000
000000001000000000000000000000
000000000100000000000000000000
000000000010000000000000000000
000000000000001110000100110110
000000000001000000000000000000
000000000000000110000100000000
000000000000001000000100110110
000000000000000010001100110110
000000000000000001100011001001
000000000000000001100011001001
000000000000000001100011001001
000000000000000001100011001001
000000000000000001100011001001
000000000000000100000100000000
000000000000000001100010001001
000000000000000001100010001001
000000000000000000110001001001
000000000000000001000010001001
000000000000000001000010001001
000000000000000010000000000010
000000000000000000100011001001
000000000000000000100011001001
000000000000000000100011001001
000000000000000000100011001001
000000000000000000001100110110
000000000000000000010011001001
000000000000000000001100110100
000000000000000000001100110100
000000000000000000001100110100
000000000000000000001100110100
000000000000000000001100110100
000000000000000000100010001001
000000000000000000100001001001
000000000000000000010001001001
000000000000000000001000110110
000000000000000000001000110110
000000000000000000001000110110
000000000000000000001000110110
000000000000000000001000110110
000000000000000000001000110110
000000000000000000000100110110
000000000000000000000100110110
000000000000000000000100110110
000000000000000000010001000001
000000000000000000010001000001
000000000000000000010001000001
000000000000000000010001000001
000000000000000000010001000001
000000000000000000001000110100
000000000000000000001000110100
000000000000000000001000110100
000000000000000000001000110100
000000000000000000001000110100
000000000000000000001000110100
000000000000000000010001000000
000000000000000000010001000000
000000000000000000010001000000
000000000000000000010001000000
000000000000000000001000010100
000000000000000000001000010100
000000000000000000000011001001
000000000000000000000011001001
000000000000000000000011001001
000000000000000000000011001001
000000000000000000000011001001
000000000000000000000011001001
000000000000000000000011001001
000000000000000000000011001001
000000000000000000000011001001
000000000000000000000100100010
000000000000000000000000110110
000000000000000000000000110110
000000000000000000000000110110
000000000000000000000000110110
000000000000000000000000110110
000000000000000000000000110110
000000000000000000000000110110
000000000000000000000000110110
000000000000000000000000110110
000000000000000000000000110110
000000000000000000000000110110
000000000000000000000000110110
000000000000000000000000110110
000000000000000000000000110110
000000000000000000000100000110
000000000000000000010000000000
000000000000000000010000000000
000000000000000000010000000000
000000000000000000010000000000
000000000000000000000100010000
000000000000000000000100010000
000000000000000000000011000001
000000000000000000000000110100
000000000000000000000000110100
000000000000000000000000110100
000000000000000000000000110100
000000000000000000000010001001
000000000000000000000010001001
000000000000000000000010001001
000000000000000000000010001001
000000000000000000000010001001
000000000000000000000010001001
000000000000000000000010001001
000000000000000000000010001001
000000000000000000000010001001
000000000000000000000010001001
000000000000000000000010001001
000000000000000000000010001001
000000000000000000000010001001
000000000000000000000010001001
000000000000000000000010001001
000000000000000000000000110010
000000000000000000000100000010
000000000000000000000100000010
000000000000000000000000100110
000000000000000000000000100110
000000000000000000000000100110
000000000000000000000000100110
000000000000000000000000100110
000000000000000000000000100110
000000000000000000000000100110
000000000000000000000000100110
000000000000000000000001001001
000000000000000000000001001001
000000000000000000000001001001
000000000000000000000001001001
000000000000000000000001001001
000000000000000000000100000000
000000000000000000000100000000
000000000000000000000100000000
000000000000000000000100000000
000000000000000000000100000000
000000000000000000000000100100
000000000000000000000010000001
000000000000000000000010000001
000000000000000000000010000001
000000000000000000000010000001
000000000000000000000010000001
000000000000000000000000010100
000000000000000000000000010100
000000000000000000000000010100
000000000000000000000000010100
000000000000000000000000010100
000000000000000000000000010010
000000000000000000000000010010
000000000000000000000001000001
000000000000000000000001000001
000000000000000000000001000001
000000000000000000000001000001
000000000000000000000001000001
000000000000000000000001000001
000000000000000000000001000001
000000000000000000000001000001
000000000000000000000001000001
000000000000000000000001000001
000000000000000000000001000001
000000000000000000000001000001
000000000000000000000001000001
000000000000000000000000000110
000000000000000000000000000110
000000000000000000000000001001
000000000000000000000000001001
000000000000000000000000001001
000000000000000000000000001001
000000000000000000000000001001
000000000000000000000000001001
000000000000000000000000001001
000000000000000000000000001001
000000000000000000000000001001
000000000000000000000000001001
000000000000000000000000001001
000000000000000000000000001001
000000000000000000000001000000
000000000000000000000001000000
000000000000000000000001000000
000000000000000000000000010000
000000000000000000000000000100
000000000000000000000000000100
000000000000000000000000000100
000000000000000000000000000010
000000000000000000000000000010
000000000000000000000000000010
000000000000000000000000000010
000000000000000000000000000010
000000000000000000000000000010
000000000000000000000000000010
000000000000000000000000000010
000000000000000000000000000010
000000000000000000000000000010
000000000000000000000000000010
000000000000000000000000000010
000000000000000000000000000010
000000000000000000000000000010
000000000000000000000000000010
000000000000000000000000000010
000000000000000000000000000010
000000000000000000000000000010
000000000000000000000000000010
000000000000000000000000000010
000000000000000000000000000010
000000000000000000000000000010
000000000000000000000000000010
000000000000000000000000000010
000000000000000000000000000010
000000000000000000000000000010
000000000000000000000000000010
000000000000000000000000000001
000000000000000000000000000001
000000000000000000000000000001
000000000000000000000000000001
000000000000000000000000000001
000000000000000000000000000001
000000000000000000000000000001
000000000000000000000000000001
000000000000000000000000000001
000000000000000000000000000001
000000000000000000000000000001
000000000000000000000000000001
