Correlation matrix, Row - Column = DNA - RNA, Context = ESR1, both signs correlations, option = unit) and threshold = 0.7
endnotes
100100000000011010010111010000
010000000000001110010111010001
001100000000001110010101000000
001100000000000010010111010000
000010000000000000000000000000
000001000000000000000000000000
000000100000000000000000000000
000000010000000000000000000000
000000001000000000000000000000
000000000100000000000000000000
000000000010000000000000000000
000000000001000000000000000000
000000000000100000000000000000
000000000000010000000000000000
000000000000001110000111010001
000000000000001000000111010001
000000000000000110000100000000
000000000000000100000100000000
000000000000000010010111010001
000000000000000010000000000001
000000000000000001100000101110
000000000000000001100000101110
000000000000000001100000101110
000000000000000001100000101110
000000000000000001100000101110
000000000000000001100000101010
000000000000000001100000101010
000000000000000001000000101010
000000000000000001000000101010
000000000000000000101000001110
000000000000000000100000101110
000000000000000000100000101110
000000000000000000100000101110
000000000000000000100000101110
000000000000000000100000101010
000000000000000000100000001110
000000000000000000010111010001
000000000000000000010111010000
000000000000000000010111010000
000000000000000000010111010000
000000000000000000010111010000
000000000000000000010111010000
000000000000000000010011010001
000000000000000000010011010001
000000000000000000010011010001
000000000000000000010011010001
000000000000000000010011010001
000000000000000000010011010001
000000000000000000010011010000
000000000000000000010011010000
000000000000000000010011010000
000000000000000000010011010000
000000000000000000010011010000
000000000000000000010011010000
000000000000000000010001010000
000000000000000000010001010000
000000000000000000001000101110
000000000000000000000111010001
000000000000000000000111010001
000000000000000000000111010001
000000000000000000001000001110
000000000000000000001000000110
000000000000000000001000000110
000000000000000000001000000110
000000000000000000001000000110
000000000000000000001000000110
000000000000000000001000000100
000000000000000000001000000100
000000000000000000001000000100
000000000000000000001000000100
000000000000000000000110000001
000000000000000000001000000000
000000000000000000001000000000
000000000000000000001000000000
000000000000000000001000000000
000000000000000000000101000000
000000000000000000000101000000
000000000000000000000100010001
000000000000000000000011010001
000000000000000000000011010001
000000000000000000000011010001
000000000000000000000011010001
000000000000000000000011010001
000000000000000000000011010001
000000000000000000000011010001
000000000000000000000011010001
000000000000000000000011010001
000000000000000000000011010001
000000000000000000000011010001
000000000000000000000011010001
000000000000000000000011010001
000000000000000000000011010001
000000000000000000000100000001
000000000000000000000100000001
000000000000000000000011010000
000000000000000000000011010000
000000000000000000000011010000
000000000000000000000011010000
000000000000000000000100000000
000000000000000000000100000000
000000000000000000000100000000
000000000000000000000100000000
000000000000000000000100000000
000000000000000000000000101110
000000000000000000000000101110
000000000000000000000000101110
000000000000000000000000101110
000000000000000000000000101110
000000000000000000000000101110
000000000000000000000000101110
000000000000000000000000101110
000000000000000000000000101110
000000000000000000000011000001
000000000000000000000010010001
000000000000000000000010010001
000000000000000000000010010001
000000000000000000000010010001
000000000000000000000010010001
000000000000000000000010010001
000000000000000000000010010001
000000000000000000000010010001
000000000000000000000000101010
000000000000000000000000101010
000000000000000000000000101010
000000000000000000000000101010
000000000000000000000000101010
000000000000000000000000101010
000000000000000000000000101010
000000000000000000000000101010
000000000000000000000000101010
000000000000000000000000101010
000000000000000000000000101010
000000000000000000000000101010
000000000000000000000000101010
000000000000000000000000101010
000000000000000000000000101010
000000000000000000000000100110
000000000000000000000010010000
000000000000000000000001010000
000000000000000000000001010000
000000000000000000000001010000
000000000000000000000001010000
000000000000000000000001010000
000000000000000000000000001110
000000000000000000000000001110
000000000000000000000000001110
000000000000000000000000001110
000000000000000000000000001110
000000000000000000000000100010
000000000000000000000000100010
000000000000000000000000100010
000000000000000000000000100010
000000000000000000000000100010
000000000000000000000001000001
000000000000000000000001000001
000000000000000000000001000000
000000000000000000000000010001
000000000000000000000000010001
000000000000000000000000001010
000000000000000000000000001010
000000000000000000000000001010
000000000000000000000000001010
000000000000000000000000001010
000000000000000000000000001010
000000000000000000000000001010
000000000000000000000000001010
000000000000000000000000001010
000000000000000000000000001010
000000000000000000000000001010
000000000000000000000000001010
000000000000000000000000000110
000000000000000000000000000110
000000000000000000000000000110
000000000000000000000000000110
000000000000000000000000000110
000000000000000000000000000110
000000000000000000000000000110
000000000000000000000000000110
000000000000000000000000000110
000000000000000000000000000110
000000000000000000000000000110
000000000000000000000000000110
000000000000000000000000000110
000000000000000000000000010000
000000000000000000000000010000
000000000000000000000000010000
000000000000000000000000000100
000000000000000000000000000100
000000000000000000000000000100
000000000000000000000000000010
000000000000000000000000000010
000000000000000000000000000010
000000000000000000000000000010
000000000000000000000000000010
000000000000000000000000000010
000000000000000000000000000010
000000000000000000000000000010
000000000000000000000000000010
000000000000000000000000000010
000000000000000000000000000010
000000000000000000000000000010
000000000000000000000000000001
000000000000000000000000000001
000000000000000000000000000001
000000000000000000000000000001
000000000000000000000000000001
000000000000000000000000000001
000000000000000000000000000001
000000000000000000000000000001
000000000000000000000000000001
000000000000000000000000000001
000000000000000000000000000001
000000000000000000000000000001
000000000000000000000000000001
000000000000000000000000000001
000000000000000000000000000001
000000000000000000000000000001
000000000000000000000000000001
000000000000000000000000000001
000000000000000000000000000001
000000000000000000000000000001
000000000000000000000000000001
000000000000000000000000000001
000000000000000000000000000001
000000000000000000000000000001
000000000000000000000000000001
000000000000000000000000000001
000000000000000000000000000001
