end_position	Occurance
1613897	1
50346852	1
50504244	1
54070594	1
113629578	1
63382161	1
152129619	1
77391497	1
16833433	1
67838166	1
237555318	1
135219173	1
151621193	1
37596059	1
47347327	1
126701032	1
38041442	1
47837713	1
39782830	1
42315651	1
42366594	1
135501734	1
30820542	1
37566857	1
100160163	1
80550760	1
67730619	1
16881987	1
29567295	1
212538841	1
17389331	1
71783383	1
8053484	1
31879046	1
2462942	1
29563670	1
71115500	1
76108779	1
100107504	1
76074963	1
69843120	1
14888169	1
86343314	1
63438320	1
123992178	1
185825056	1
10833654	1
136556807	1
55706192	1
41309497	1
24694193	1
22437041	1
186988981	1
60555154	1
78330093	1
131047263	1
88895626	1
36548007	1
55211628	1
89118081	1
18267373	1
6415237	1
157443628	1
183298504	1
93089204	1
73436120	1
96027993	1
22861579	1
86742083	1
1606079	1
38041915	1
2787948	1
125983454	1
76112802	1
54436900	1
205457091	1
167696290	1
73661891	1
127482139	1
126610948	1
118835110	1
67397090	1
170814047	1
28099358	1
142871094	1
180209153	1
118847678	1
114678224	1
150250357	1
72034092	1
46515958	1
72237203	1
170788650	1
103141959	1
111923722	1
158732696	1
70660682	1
42775509	1
46605208	1
87159556	1
17229985	1
124450184	1
234531779	1
6616452	1
40777490	1
205437879	1
21654695	1
55706422	1
13938638	1
6123544	1
39288315	1
74888094	1
34982544	1
26760785	1
84259960	1
135260467	1
132760712	1
35113664	1
29074261	1
38515740	1
126682104	1
986979	1
126670446	1
140043299	1
22881350	1
54434665	1
40796943	1
70420832	1
35758079	1
20777038	1
136211359	1
31111479	1
92103286	1
130388114	1
916317	1
3220108	1
38220924	1
15556529	1
68727806	1
49442360	1
3503419	1
178871052	1
65641559	1
7666998	1
58497866	1
115816954	1
11550323	1
16231992	1
42858130	1
15857033	1
10611689	1
110713189	1
78138449	1
68955392	1
35530300	1
3682246	1
118176673	1
69061064	1
69141888	1
69244846	1
26966513	1
46903799	1
43863629	1
70226970	1
110579880	1
15384376	1
124936412	1
60170899	1
53102345	1
32115334	1
191847255	1
153693992	1
87322906	1
69013409	1
16019594	1
118152888	1
62689899	1
35477209	1
128707915	1
53495330	1
103332326	1
72674591	1
80145359	1
28260958	1
241999073	1
68357852	1
72573229	1
112360528	1
28137611	1
65053439	1
159117478	1
137212799	1
149432835	1
90985257	1
111756826	1
69002048	1
35143109	1
35987004	1
143217170	1
88826	1
43125905	1
126498604	1
159108617	1
86912238	1
211675630	1
