106
5565
5565	5565
2	1	75.0	45.0
3	1	85.0	35.0
3	2	62.0	58.0
4	1	70.0	50.0
4	2	47.0	73.0
4	3	57.0	63.0
5	1	60.0	60.0
5	2	95.0	25.0
5	3	65.0	55.0
5	4	26.0	94.0
6	1	49.0	71.0
6	2	54.0	66.0
6	3	60.0	60.0
6	4	47.0	73.0
6	5	69.0	51.0
7	1	64.0	56.0
7	2	83.0	37.0
7	3	71.0	49.0
7	4	24.0	96.0
7	5	100.0	20.0
7	6	77.0	43.0
8	1	87.0	33.0
8	2	72.0	48.0
8	3	90.0	30.0
8	4	73.0	47.0
8	5	61.0	59.0
8	6	42.0	78.0
8	7	51.0	69.0
9	1	72.0	48.0
9	2	63.0	57.0
9	3	67.0	53.0
9	4	72.0	48.0
9	5	44.0	76.0
9	6	53.0	67.0
9	7	44.0	76.0
9	8	73.0	47.0
10	1	69.0	51.0
10	2	90.0	30.0
10	3	66.0	54.0
10	4	43.0	77.0
10	5	83.0	37.0
10	6	60.0	60.0
10	7	79.0	41.0
10	8	60.0	60.0
10	9	75.0	45.0
11	1	45.0	75.0
11	2	28.0	92.0
11	3	48.0	72.0
11	4	65.0	55.0
11	5	45.0	75.0
11	6	70.0	50.0
11	7	51.0	69.0
11	8	44.0	76.0
11	9	37.0	83.0
11	10	32.0	88.0
12	1	72.0	48.0
12	2	89.0	31.0
12	3	77.0	43.0
12	4	50.0	70.0
12	5	82.0	38.0
12	6	67.0	53.0
12	7	80.0	40.0
12	8	75.0	45.0
12	9	66.0	54.0
12	10	77.0	43.0
12	11	41.0	79.0
13	1	61.0	59.0
13	2	74.0	46.0
13	3	70.0	50.0
13	4	37.0	83.0
13	5	95.0	25.0
13	6	74.0	46.0
13	7	97.0	23.0
13	8	62.0	58.0
13	9	31.0	89.0
13	10	72.0	48.0
13	11	62.0	58.0
13	12	75.0	45.0
14	1	42.0	78.0
14	2	67.0	53.0
14	3	57.0	63.0
14	4	24.0	96.0
14	5	80.0	40.0
14	6	73.0	47.0
14	7	84.0	36.0
14	8	45.0	75.0
14	9	40.0	80.0
14	10	65.0	55.0
14	11	67.0	53.0
14	12	66.0	54.0
14	13	75.0	45.0
15	1	64.0	56.0
15	2	81.0	39.0
15	3	77.0	43.0
15	4	34.0	86.0
15	5	86.0	34.0
15	6	63.0	57.0
15	7	86.0	34.0
15	8	67.0	53.0
15	9	54.0	66.0
15	10	81.0	39.0
15	11	43.0	77.0
15	12	82.0	38.0
15	13	73.0	47.0
15	14	78.0	42.0
16	1	49.0	71.0
16	2	64.0	56.0
16	3	60.0	60.0
16	4	41.0	79.0
16	5	77.0	43.0
16	6	74.0	46.0
16	7	81.0	39.0
16	8	48.0	72.0
16	9	31.0	89.0
16	10	50.0	70.0
16	11	72.0	48.0
16	12	67.0	53.0
16	13	74.0	46.0
16	14	91.0	29.0
16	15	79.0	41.0
17	1	45.0	75.0
17	2	60.0	60.0
17	3	56.0	64.0
17	4	29.0	91.0
17	5	85.0	35.0
17	6	84.0	36.0
17	7	93.0	27.0
17	8	38.0	82.0
17	9	25.0	95.0
17	10	58.0	62.0
17	11	76.0	44.0
17	12	65.0	55.0
17	13	94.0	26.0
17	14	83.0	37.0
17	15	71.0	49.0
17	16	82.0	38.0
18	1	64.0	56.0
18	2	75.0	45.0
18	3	75.0	45.0
18	4	38.0	82.0
18	5	80.0	40.0
18	6	63.0	57.0
18	7	78.0	42.0
18	8	67.0	53.0
18	9	54.0	66.0
18	10	71.0	49.0
18	11	55.0	65.0
18	12	76.0	44.0
18	13	77.0	43.0
18	14	78.0	42.0
18	15	82.0	38.0
18	16	73.0	47.0
18	17	67.0	53.0
19	1	66.0	54.0
19	2	65.0	55.0
19	3	57.0	63.0
19	4	82.0	38.0
19	5	50.0	70.0
19	6	55.0	65.0
19	7	48.0	72.0
19	8	69.0	51.0
19	9	84.0	36.0
19	10	71.0	49.0
19	11	47.0	73.0
19	12	54.0	66.0
19	13	41.0	79.0
19	14	44.0	76.0
19	15	58.0	62.0
19	16	41.0	79.0
19	17	31.0	89.0
19	18	46.0	74.0
20	1	78.0	42.0
20	2	63.0	57.0
20	3	59.0	61.0
20	4	88.0	32.0
20	5	48.0	72.0
20	6	47.0	73.0
20	7	48.0	72.0
20	8	79.0	41.0
20	9	78.0	42.0
20	10	57.0	63.0
20	11	51.0	69.0
20	12	62.0	58.0
20	13	51.0	69.0
20	14	32.0	88.0
20	15	48.0	72.0
20	16	39.0	81.0
20	17	31.0	89.0
20	18	54.0	66.0
20	19	78.0	42.0
21	1	70.0	50.0
21	2	51.0	69.0
21	3	53.0	67.0
21	4	94.0	26.0
21	5	42.0	78.0
21	6	41.0	79.0
21	7	36.0	84.0
21	8	73.0	47.0
21	9	68.0	52.0
21	10	49.0	71.0
21	11	55.0	65.0
21	12	50.0	70.0
21	13	47.0	73.0
21	14	28.0	92.0
21	15	32.0	88.0
21	16	41.0	79.0
21	17	37.0	83.0
21	18	48.0	72.0
21	19	74.0	46.0
21	20	92.0	28.0
22	1	41.0	79.0
22	2	70.0	50.0
22	3	56.0	64.0
22	4	23.0	97.0
22	5	87.0	33.0
22	6	86.0	34.0
22	7	91.0	29.0
22	8	38.0	82.0
22	9	43.0	77.0
22	10	76.0	44.0
22	11	60.0	60.0
22	12	65.0	55.0
22	13	80.0	40.0
22	14	91.0	29.0
22	15	81.0	39.0
22	16	80.0	40.0
22	17	92.0	28.0
22	18	75.0	45.0
22	19	43.0	77.0
22	20	37.0	83.0
22	21	23.0	97.0
23	1	69.0	51.0
23	2	56.0	64.0
23	3	46.0	74.0
23	4	93.0	27.0
23	5	37.0	83.0
23	6	46.0	74.0
23	7	35.0	85.0
23	8	64.0	56.0
23	9	79.0	41.0
23	10	60.0	60.0
23	11	54.0	66.0
23	12	49.0	71.0
23	13	36.0	84.0
23	14	39.0	81.0
23	15	39.0	81.0
23	16	40.0	80.0
23	17	32.0	88.0
23	18	45.0	75.0
23	19	77.0	43.0
23	20	89.0	31.0
23	21	91.0	29.0
23	22	40.0	80.0
24	1	73.0	47.0
24	2	94.0	26.0
24	3	82.0	38.0
24	4	35.0	85.0
24	5	99.0	21.0
24	6	68.0	52.0
24	7	89.0	31.0
24	8	80.0	40.0
24	9	55.0	65.0
24	10	80.0	40.0
24	11	36.0	84.0
24	12	93.0	27.0
24	13	90.0	30.0
24	14	73.0	47.0
24	15	89.0	31.0
24	16	72.0	48.0
24	17	68.0	52.0
24	18	87.0	33.0
24	19	53.0	67.0
24	20	57.0	63.0
24	21	45.0	75.0
24	22	76.0	44.0
24	23	36.0	84.0
25	1	69.0	51.0
25	2	92.0	28.0
25	3	70.0	50.0
25	4	39.0	81.0
25	5	81.0	39.0
25	6	62.0	58.0
25	7	81.0	39.0
25	8	62.0	58.0
25	9	77.0	43.0
25	10	102.0	18.0
25	11	28.0	92.0
25	12	79.0	41.0
25	13	70.0	50.0
25	14	71.0	49.0
25	15	89.0	31.0
25	16	54.0	66.0
25	17	58.0	62.0
25	18	79.0	41.0
25	19	67.0	53.0
25	20	57.0	63.0
25	21	41.0	79.0
25	22	78.0	42.0
25	23	60.0	60.0
25	24	82.0	38.0
26	1	74.0	46.0
26	2	79.0	41.0
26	3	61.0	59.0
26	4	58.0	62.0
26	5	64.0	56.0
26	6	57.0	63.0
26	7	58.0	62.0
26	8	67.0	53.0
26	9	88.0	32.0
26	10	87.0	33.0
26	11	37.0	83.0
26	12	68.0	52.0
26	13	49.0	71.0
26	14	56.0	64.0
26	15	72.0	48.0
26	16	47.0	73.0
26	17	39.0	81.0
26	18	68.0	52.0
26	19	74.0	46.0
26	20	80.0	40.0
26	21	66.0	54.0
26	22	57.0	63.0
26	23	75.0	45.0
26	24	67.0	53.0
26	25	85.0	35.0
27	1	56.0	64.0
27	2	79.0	41.0
27	3	67.0	53.0
27	4	26.0	94.0
27	5	98.0	22.0
27	6	81.0	39.0
27	7	108.0	12.0
27	8	47.0	73.0
27	9	38.0	82.0
27	10	75.0	45.0
27	11	55.0	65.0
27	12	76.0	44.0
27	13	91.0	29.0
27	14	90.0	30.0
27	15	88.0	32.0
27	16	85.0	35.0
27	17	99.0	21.0
27	18	78.0	42.0
27	19	42.0	78.0
27	20	38.0	82.0
27	21	28.0	92.0
27	22	101.0	19.0
27	23	39.0	81.0
27	24	85.0	35.0
27	25	77.0	43.0
27	26	54.0	66.0
28	1	69.0	51.0
28	2	72.0	48.0
28	3	54.0	66.0
28	4	71.0	49.0
28	5	53.0	67.0
28	6	50.0	70.0
28	7	49.0	71.0
28	8	68.0	52.0
28	9	101.0	19.0
28	10	84.0	36.0
28	11	38.0	82.0
28	12	63.0	57.0
28	13	42.0	78.0
28	14	47.0	73.0
28	15	55.0	65.0
28	16	30.0	90.0
28	17	28.0	92.0
28	18	53.0	67.0
28	19	89.0	31.0
28	20	81.0	39.0
28	21	67.0	53.0
28	22	50.0	70.0
28	23	88.0	32.0
28	24	56.0	64.0
28	25	84.0	36.0
28	26	85.0	35.0
28	27	45.0	75.0
29	1	70.0	50.0
29	2	43.0	77.0
29	3	57.0	63.0
29	4	104.0	16.0
29	5	22.0	98.0
29	6	45.0	75.0
29	7	26.0	94.0
29	8	69.0	51.0
29	9	74.0	46.0
29	10	41.0	79.0
29	11	63.0	57.0
29	12	44.0	76.0
29	13	39.0	81.0
29	14	26.0	94.0
29	15	30.0	90.0
29	16	35.0	85.0
29	17	31.0	89.0
29	18	36.0	84.0
29	19	76.0	44.0
29	20	88.0	32.0
29	21	94.0	26.0
29	22	27.0	93.0
29	23	87.0	33.0
29	24	33.0	87.0
29	25	39.0	81.0
29	26	56.0	64.0
29	27	24.0	96.0
29	28	71.0	49.0
30	1	64.0	56.0
30	2	45.0	75.0
30	3	51.0	69.0
30	4	100.0	20.0
30	5	30.0	90.0
30	6	51.0	69.0
30	7	32.0	88.0
30	8	63.0	57.0
30	9	70.0	50.0
30	10	43.0	77.0
30	11	65.0	55.0
30	12	42.0	78.0
30	13	39.0	81.0
30	14	28.0	92.0
30	15	38.0	82.0
30	16	45.0	75.0
30	17	39.0	81.0
30	18	34.0	86.0
30	19	82.0	38.0
30	20	80.0	40.0
30	21	82.0	38.0
30	22	37.0	83.0
30	23	81.0	39.0
30	24	37.0	83.0
30	25	43.0	77.0
30	26	58.0	62.0
30	27	34.0	86.0
30	28	69.0	51.0
30	29	98.0	22.0
31	1	69.0	51.0
31	2	86.0	34.0
31	3	56.0	64.0
31	4	59.0	61.0
31	5	85.0	35.0
31	6	48.0	72.0
31	7	69.0	51.0
31	8	72.0	48.0
31	9	47.0	73.0
31	10	68.0	52.0
31	11	50.0	70.0
31	12	65.0	55.0
31	13	78.0	42.0
31	14	57.0	63.0
31	15	63.0	57.0
31	16	58.0	62.0
31	17	68.0	52.0
31	18	63.0	57.0
31	19	57.0	63.0
31	20	65.0	55.0
31	21	67.0	53.0
31	22	62.0	58.0
31	23	66.0	54.0
31	24	74.0	46.0
31	25	66.0	54.0
31	26	61.0	59.0
31	27	71.0	49.0
31	28	60.0	60.0
31	29	53.0	67.0
31	30	59.0	61.0
32	1	71.0	49.0
32	2	62.0	58.0
32	3	58.0	62.0
32	4	83.0	37.0
32	5	37.0	83.0
32	6	38.0	82.0
32	7	29.0	91.0
32	8	76.0	44.0
32	9	93.0	27.0
32	10	62.0	58.0
32	11	44.0	76.0
32	12	53.0	67.0
32	13	30.0	90.0
32	14	39.0	81.0
32	15	51.0	69.0
32	16	36.0	84.0
32	17	16.0	104.0
32	18	47.0	73.0
32	19	89.0	31.0
32	20	85.0	35.0
32	21	81.0	39.0
32	22	32.0	88.0
32	23	84.0	36.0
32	24	50.0	70.0
32	25	64.0	56.0
32	26	83.0	37.0
32	27	23.0	97.0
32	28	92.0	28.0
32	29	89.0	31.0
32	30	83.0	37.0
32	31	56.0	64.0
33	1	57.0	63.0
33	2	84.0	36.0
33	3	66.0	54.0
33	4	19.0	101.0
33	5	105.0	15.0
33	6	74.0	46.0
33	7	107.0	13.0
33	8	50.0	70.0
33	9	45.0	75.0
33	10	82.0	38.0
33	11	52.0	68.0
33	12	75.0	45.0
33	13	88.0	32.0
33	14	87.0	33.0
33	15	93.0	27.0
33	16	82.0	38.0
33	17	90.0	30.0
33	18	83.0	37.0
33	19	51.0	69.0
33	20	39.0	81.0
33	21	29.0	91.0
33	22	96.0	24.0
33	23	32.0	88.0
33	24	88.0	32.0
33	25	84.0	36.0
33	26	63.0	57.0
33	27	105.0	15.0
33	28	52.0	68.0
33	29	15.0	105.0
33	30	29.0	91.0
33	31	74.0	46.0
33	32	34.0	86.0
34	1	44.0	76.0
34	2	61.0	59.0
34	3	63.0	57.0
34	4	30.0	90.0
34	5	86.0	34.0
34	6	81.0	39.0
34	7	90.0	30.0
34	8	45.0	75.0
34	9	24.0	96.0
34	10	57.0	63.0
34	11	77.0	43.0
34	12	66.0	54.0
34	13	93.0	27.0
34	14	88.0	32.0
34	15	80.0	40.0
34	16	91.0	29.0
34	17	105.0	15.0
34	18	78.0	42.0
34	19	28.0	92.0
34	20	34.0	86.0
34	21	34.0	86.0
34	22	87.0	33.0
34	23	31.0	89.0
34	24	75.0	45.0
34	25	59.0	61.0
34	26	42.0	78.0
34	27	96.0	24.0
34	28	25.0	95.0
34	29	28.0	92.0
34	30	36.0	84.0
34	31	67.0	53.0
34	32	15.0	105.0
34	33	91.0	29.0
35	1	70.0	50.0
35	2	93.0	27.0
35	3	79.0	41.0
35	4	42.0	78.0
35	5	92.0	28.0
35	6	67.0	53.0
35	7	98.0	22.0
35	8	69.0	51.0
35	9	52.0	68.0
35	10	85.0	35.0
35	11	35.0	85.0
35	12	82.0	38.0
35	13	89.0	31.0
35	14	72.0	48.0
35	15	90.0	30.0
35	16	69.0	51.0
35	17	73.0	47.0
35	18	80.0	40.0
35	19	62.0	58.0
35	20	58.0	62.0
35	21	46.0	74.0
35	22	81.0	39.0
35	23	43.0	77.0
35	24	97.0	23.0
35	25	87.0	33.0
35	26	68.0	52.0
35	27	92.0	28.0
35	28	57.0	63.0
35	29	40.0	80.0
35	30	44.0	76.0
35	31	73.0	47.0
35	32	49.0	71.0
35	33	91.0	29.0
35	34	74.0	46.0
36	1	43.0	77.0
36	2	50.0	70.0
36	3	28.0	92.0
36	4	61.0	59.0
36	5	45.0	75.0
36	6	66.0	54.0
36	7	51.0	69.0
36	8	24.0	96.0
36	9	61.0	59.0
36	10	64.0	56.0
36	11	76.0	44.0
36	12	37.0	83.0
36	13	48.0	72.0
36	14	61.0	59.0
36	15	53.0	67.0
36	16	56.0	64.0
36	17	64.0	56.0
36	18	47.0	73.0
36	19	61.0	59.0
36	20	59.0	61.0
36	21	57.0	63.0
36	22	70.0	50.0
36	23	70.0	50.0
36	24	32.0	88.0
36	25	64.0	56.0
36	26	65.0	55.0
36	27	55.0	65.0
36	28	66.0	54.0
36	29	65.0	55.0
36	30	69.0	51.0
36	31	54.0	66.0
36	32	64.0	56.0
36	33	54.0	66.0
36	34	57.0	63.0
36	35	45.0	75.0
37	1	58.0	62.0
37	2	77.0	43.0
37	3	59.0	61.0
37	4	44.0	76.0
37	5	92.0	28.0
37	6	81.0	39.0
37	7	84.0	36.0
37	8	57.0	63.0
37	9	38.0	82.0
37	10	67.0	53.0
37	11	61.0	59.0
37	12	70.0	50.0
37	13	91.0	29.0
37	14	74.0	46.0
37	15	68.0	52.0
37	16	77.0	43.0
37	17	91.0	29.0
37	18	78.0	42.0
37	19	52.0	68.0
37	20	48.0	72.0
37	21	56.0	64.0
37	22	75.0	45.0
37	23	49.0	71.0
37	24	83.0	37.0
37	25	61.0	59.0
37	26	52.0	68.0
37	27	86.0	34.0
37	28	45.0	75.0
37	29	38.0	82.0
37	30	40.0	80.0
37	31	83.0	37.0
37	32	35.0	85.0
37	33	85.0	35.0
37	34	90.0	30.0
37	35	78.0	42.0
37	36	49.0	71.0
38	1	54.0	66.0
38	2	25.0	95.0
38	3	45.0	75.0
38	4	92.0	28.0
38	5	18.0	102.0
38	6	53.0	67.0
38	7	24.0	96.0
38	8	55.0	65.0
38	9	64.0	56.0
38	10	27.0	93.0
38	11	81.0	39.0
38	12	36.0	84.0
38	13	35.0	85.0
38	14	40.0	80.0
38	15	32.0	88.0
38	16	51.0	69.0
38	17	43.0	77.0
38	18	38.0	82.0
38	19	66.0	54.0
38	20	78.0	42.0
38	21	84.0	36.0
38	22	37.0	83.0
38	23	77.0	43.0
38	24	23.0	97.0
38	25	29.0	91.0
38	26	54.0	66.0
38	27	24.0	96.0
38	28	57.0	63.0
38	29	98.0	22.0
38	30	96.0	24.0
38	31	43.0	77.0
38	32	79.0	41.0
38	33	21.0	99.0
38	34	42.0	78.0
38	35	28.0	92.0
38	36	75.0	45.0
38	37	36.0	84.0
39	1	40.0	80.0
39	2	55.0	65.0
39	3	51.0	69.0
39	4	46.0	74.0
39	5	76.0	44.0
39	6	81.0	39.0
39	7	82.0	38.0
39	8	39.0	81.0
39	9	24.0	96.0
39	10	51.0	69.0
39	11	81.0	39.0
39	12	62.0	58.0
39	13	87.0	33.0
39	14	74.0	46.0
39	15	66.0	54.0
39	16	87.0	33.0
39	17	101.0	19.0
39	18	66.0	54.0
39	19	38.0	82.0
39	20	40.0	80.0
39	21	46.0	74.0
39	22	83.0	37.0
39	23	37.0	83.0
39	24	63.0	57.0
39	25	49.0	71.0
39	26	36.0	84.0
39	27	88.0	32.0
39	28	31.0	89.0
39	29	42.0	78.0
39	30	56.0	64.0
39	31	65.0	55.0
39	32	23.0	97.0
39	33	83.0	37.0
39	34	100.0	20.0
39	35	68.0	52.0
39	36	63.0	57.0
39	37	86.0	34.0
39	38	54.0	66.0
40	1	48.0	72.0
40	2	61.0	59.0
40	3	75.0	45.0
40	4	30.0	90.0
40	5	82.0	38.0
40	6	85.0	35.0
40	7	84.0	36.0
40	8	57.0	63.0
40	9	40.0	80.0
40	10	57.0	63.0
40	11	71.0	49.0
40	12	74.0	46.0
40	13	83.0	37.0
40	14	90.0	30.0
40	15	84.0	36.0
40	16	87.0	33.0
40	17	89.0	31.0
40	18	82.0	38.0
40	19	32.0	88.0
40	20	40.0	80.0
40	21	28.0	92.0
40	22	85.0	35.0
40	23	25.0	95.0
40	24	83.0	37.0
40	25	61.0	59.0
40	26	52.0	68.0
40	27	90.0	30.0
40	28	35.0	85.0
40	29	26.0	94.0
40	30	32.0	88.0
40	31	55.0	65.0
40	32	29.0	91.0
40	33	89.0	31.0
40	34	102.0	18.0
40	35	72.0	48.0
40	36	51.0	69.0
40	37	78.0	42.0
40	38	44.0	76.0
40	39	84.0	36.0
41	1	62.0	58.0
41	2	87.0	33.0
41	3	77.0	43.0
41	4	26.0	94.0
41	5	98.0	22.0
41	6	69.0	51.0
41	7	96.0	24.0
41	8	65.0	55.0
41	9	46.0	74.0
41	10	83.0	37.0
41	11	47.0	73.0
41	12	82.0	38.0
41	13	89.0	31.0
41	14	82.0	38.0
41	15	96.0	24.0
41	16	77.0	43.0
41	17	81.0	39.0
41	18	86.0	34.0
41	19	46.0	74.0
41	20	40.0	80.0
41	21	28.0	92.0
41	22	91.0	29.0
41	23	33.0	87.0
41	24	99.0	21.0
41	25	87.0	33.0
41	26	58.0	62.0
41	27	98.0	22.0
41	28	51.0	69.0
41	29	22.0	98.0
41	30	28.0	92.0
41	31	71.0	49.0
41	32	39.0	81.0
41	33	103.0	17.0
41	34	84.0	36.0
41	35	92.0	28.0
41	36	47.0	73.0
41	37	82.0	38.0
41	38	20.0	100.0
41	39	72.0	48.0
41	40	88.0	32.0
42	1	73.0	47.0
42	2	64.0	56.0
42	3	66.0	54.0
42	4	79.0	41.0
42	5	57.0	63.0
42	6	46.0	74.0
42	7	49.0	71.0
42	8	86.0	34.0
42	9	61.0	59.0
42	10	52.0	68.0
42	11	60.0	60.0
42	12	63.0	57.0
42	13	60.0	60.0
42	14	45.0	75.0
42	15	63.0	57.0
42	16	58.0	62.0
42	17	48.0	72.0
42	18	71.0	49.0
42	19	65.0	55.0
42	20	87.0	33.0
42	21	81.0	39.0
42	22	38.0	82.0
42	23	68.0	52.0
42	24	66.0	54.0
42	25	54.0	66.0
42	26	69.0	51.0
42	27	45.0	75.0
42	28	60.0	60.0
42	29	71.0	49.0
42	30	75.0	45.0
42	31	70.0	50.0
42	32	72.0	48.0
42	33	48.0	72.0
42	34	57.0	63.0
42	35	59.0	61.0
42	36	42.0	78.0
42	37	61.0	59.0
42	38	69.0	51.0
42	39	55.0	65.0
42	40	53.0	67.0
42	41	51.0	69.0
43	1	76.0	44.0
43	2	103.0	17.0
43	3	69.0	51.0
43	4	48.0	72.0
43	5	88.0	32.0
43	6	57.0	63.0
43	7	78.0	42.0
43	8	77.0	43.0
43	9	72.0	48.0
43	10	99.0	21.0
43	11	21.0	99.0
43	12	80.0	40.0
43	13	71.0	49.0
43	14	60.0	60.0
43	15	84.0	36.0
43	16	51.0	69.0
43	17	55.0	65.0
43	18	76.0	44.0
43	19	72.0	48.0
43	20	64.0	56.0
43	21	56.0	64.0
43	22	69.0	51.0
43	23	61.0	59.0
43	24	91.0	29.0
43	25	99.0	21.0
43	26	86.0	34.0
43	27	74.0	46.0
43	28	79.0	41.0
43	29	44.0	76.0
43	30	48.0	72.0
43	31	83.0	37.0
43	32	67.0	53.0
43	33	81.0	39.0
43	34	56.0	64.0
43	35	90.0	30.0
43	36	53.0	67.0
43	37	72.0	48.0
43	38	26.0	94.0
43	39	46.0	74.0
43	40	56.0	64.0
43	41	82.0	38.0
43	42	63.0	57.0
44	1	47.0	73.0
44	2	52.0	68.0
44	3	58.0	62.0
44	4	41.0	79.0
44	5	75.0	45.0
44	6	74.0	46.0
44	7	79.0	41.0
44	8	44.0	76.0
44	9	19.0	101.0
44	10	46.0	74.0
44	11	86.0	34.0
44	12	59.0	61.0
44	13	84.0	36.0
44	14	83.0	37.0
44	15	75.0	45.0
44	16	96.0	24.0
44	17	100.0	20.0
44	18	77.0	43.0
44	19	23.0	97.0
44	20	37.0	83.0
44	21	41.0	79.0
44	22	80.0	40.0
44	23	32.0	88.0
44	24	66.0	54.0
44	25	48.0	72.0
44	26	39.0	81.0
44	27	85.0	35.0
44	28	16.0	104.0
44	29	37.0	83.0
44	30	43.0	77.0
44	31	60.0	60.0
44	32	20.0	100.0
44	33	80.0	40.0
44	34	107.0	13.0
44	35	65.0	55.0
44	36	62.0	58.0
44	37	81.0	39.0
44	38	53.0	67.0
44	39	99.0	21.0
44	40	95.0	25.0
44	41	77.0	43.0
44	42	62.0	58.0
44	43	45.0	75.0
45	1	70.0	50.0
45	2	97.0	23.0
45	3	79.0	41.0
45	4	38.0	82.0
45	5	98.0	22.0
45	6	59.0	61.0
45	7	86.0	34.0
45	8	75.0	45.0
45	9	52.0	68.0
45	10	83.0	37.0
45	11	33.0	87.0
45	12	86.0	34.0
45	13	83.0	37.0
45	14	76.0	44.0
45	15	82.0	38.0
45	16	67.0	53.0
45	17	71.0	49.0
45	18	80.0	40.0
45	19	54.0	66.0
45	20	46.0	74.0
45	21	44.0	76.0
45	22	73.0	47.0
45	23	45.0	75.0
45	24	103.0	17.0
45	25	81.0	39.0
45	26	64.0	56.0
45	27	88.0	32.0
45	28	57.0	63.0
45	29	32.0	88.0
45	30	34.0	86.0
45	31	81.0	39.0
45	32	47.0	73.0
45	33	89.0	31.0
45	34	74.0	46.0
45	35	94.0	26.0
45	36	31.0	89.0
45	37	86.0	34.0
45	38	18.0	102.0
45	39	64.0	56.0
45	40	74.0	46.0
45	41	98.0	22.0
45	42	57.0	63.0
45	43	90.0	30.0
45	44	63.0	57.0
46	1	61.0	59.0
46	2	36.0	84.0
46	3	54.0	66.0
46	4	91.0	29.0
46	5	13.0	107.0
46	6	52.0	68.0
46	7	23.0	97.0
46	8	66.0	54.0
46	9	79.0	41.0
46	10	42.0	78.0
46	11	72.0	48.0
46	12	45.0	75.0
46	13	24.0	96.0
46	14	43.0	77.0
46	15	43.0	77.0
46	16	48.0	72.0
46	17	32.0	88.0
46	18	43.0	77.0
46	19	75.0	45.0
46	20	77.0	43.0
46	21	77.0	43.0
46	22	36.0	84.0
46	23	82.0	38.0
46	24	30.0	90.0
46	25	44.0	76.0
46	26	65.0	55.0
46	27	25.0	95.0
46	28	72.0	48.0
46	29	97.0	23.0
46	30	87.0	33.0
46	31	36.0	84.0
46	32	88.0	32.0
46	33	22.0	98.0
46	34	33.0	87.0
46	35	35.0	85.0
46	36	74.0	46.0
46	37	29.0	91.0
46	38	99.0	21.0
46	39	41.0	79.0
46	40	41.0	79.0
46	41	27.0	93.0
46	42	68.0	52.0
46	43	39.0	81.0
46	44	44.0	76.0
46	45	25.0	95.0
47	1	74.0	46.0
47	2	75.0	45.0
47	3	57.0	63.0
47	4	80.0	40.0
47	5	50.0	70.0
47	6	39.0	81.0
47	7	48.0	72.0
47	8	77.0	43.0
47	9	92.0	28.0
47	10	71.0	49.0
47	11	37.0	83.0
47	12	64.0	56.0
47	13	41.0	79.0
47	14	44.0	76.0
47	15	58.0	62.0
47	16	35.0	85.0
47	17	21.0	99.0
47	18	56.0	64.0
47	19	94.0	26.0
47	20	92.0	28.0
47	21	76.0	44.0
47	22	39.0	81.0
47	23	83.0	37.0
47	24	61.0	59.0
47	25	77.0	43.0
47	26	84.0	36.0
47	27	42.0	78.0
47	28	95.0	25.0
47	29	78.0	42.0
47	30	82.0	38.0
47	31	63.0	57.0
47	32	99.0	21.0
47	33	47.0	73.0
47	34	24.0	96.0
47	35	62.0	58.0
47	36	61.0	59.0
47	37	40.0	80.0
47	38	66.0	54.0
47	39	30.0	90.0
47	40	34.0	86.0
47	41	52.0	68.0
47	42	75.0	45.0
47	43	76.0	44.0
47	44	23.0	97.0
47	45	60.0	60.0
47	46	77.0	43.0
48	1	42.0	78.0
48	2	71.0	49.0
48	3	55.0	65.0
48	4	14.0	106.0
48	5	92.0	28.0
48	6	79.0	41.0
48	7	90.0	30.0
48	8	41.0	79.0
48	9	38.0	82.0
48	10	73.0	47.0
48	11	65.0	55.0
48	12	64.0	56.0
48	13	83.0	37.0
48	14	96.0	24.0
48	15	84.0	36.0
48	16	81.0	39.0
48	17	99.0	21.0
48	18	80.0	40.0
48	19	38.0	82.0
48	20	28.0	92.0
48	21	20.0	100.0
48	22	103.0	17.0
48	23	33.0	87.0
48	24	79.0	41.0
48	25	77.0	43.0
48	26	56.0	64.0
48	27	100.0	20.0
48	28	47.0	73.0
48	29	14.0	106.0
48	30	30.0	90.0
48	31	65.0	55.0
48	32	31.0	89.0
48	33	101.0	19.0
48	34	96.0	24.0
48	35	76.0	44.0
48	36	65.0	55.0
48	37	80.0	40.0
48	38	32.0	88.0
48	39	84.0	36.0
48	40	96.0	24.0
48	41	94.0	26.0
48	42	41.0	79.0
48	43	70.0	50.0
48	44	87.0	33.0
48	45	80.0	40.0
48	46	29.0	91.0
48	47	36.0	84.0
49	1	54.0	66.0
49	2	43.0	77.0
49	3	65.0	55.0
49	4	50.0	70.0
49	5	64.0	56.0
49	6	73.0	47.0
49	7	72.0	48.0
49	8	55.0	65.0
49	9	28.0	92.0
49	10	35.0	85.0
49	11	87.0	33.0
49	12	62.0	58.0
49	13	77.0	43.0
49	14	74.0	46.0
49	15	68.0	52.0
49	16	87.0	33.0
49	17	87.0	33.0
49	18	72.0	48.0
49	19	30.0	90.0
49	20	48.0	72.0
49	21	46.0	74.0
49	22	71.0	49.0
49	23	37.0	83.0
49	24	63.0	57.0
49	25	41.0	79.0
49	26	36.0	84.0
49	27	76.0	44.0
49	28	21.0	99.0
49	29	46.0	74.0
49	30	46.0	74.0
49	31	49.0	71.0
49	32	27.0	93.0
49	33	69.0	51.0
49	34	96.0	24.0
49	35	58.0	62.0
49	36	57.0	63.0
49	37	72.0	48.0
49	38	64.0	56.0
49	39	88.0	32.0
49	40	94.0	26.0
49	41	68.0	52.0
49	42	61.0	59.0
49	43	36.0	84.0
49	44	103.0	17.0
49	45	56.0	64.0
49	46	55.0	65.0
49	47	28.0	92.0
49	48	76.0	44.0
50	1	60.0	60.0
50	2	93.0	27.0
50	3	67.0	53.0
50	4	28.0	92.0
50	5	108.0	12.0
50	6	71.0	49.0
50	7	102.0	18.0
50	8	59.0	61.0
50	9	50.0	70.0
50	10	85.0	35.0
50	11	39.0	81.0
50	12	78.0	42.0
50	13	91.0	29.0
50	14	78.0	42.0
50	15	86.0	34.0
50	16	73.0	47.0
50	17	81.0	39.0
50	18	76.0	44.0
50	19	58.0	62.0
50	20	54.0	66.0
50	21	44.0	76.0
50	22	85.0	35.0
50	23	43.0	77.0
50	24	97.0	23.0
50	25	85.0	35.0
50	26	66.0	54.0
50	27	98.0	22.0
50	28	59.0	61.0
50	29	26.0	94.0
50	30	34.0	86.0
50	31	83.0	37.0
50	32	39.0	81.0
50	33	105.0	15.0
50	34	82.0	38.0
50	35	96.0	24.0
50	36	49.0	71.0
50	37	90.0	30.0
50	38	16.0	104.0
50	39	72.0	48.0
50	40	80.0	40.0
50	41	98.0	22.0
50	42	53.0	67.0
50	43	88.0	32.0
50	44	69.0	51.0
50	45	96.0	24.0
50	46	19.0	101.0
50	47	54.0	66.0
50	48	88.0	32.0
50	49	60.0	60.0
51	1	70.0	50.0
51	2	99.0	21.0
51	3	67.0	53.0
51	4	58.0	62.0
51	5	80.0	40.0
51	6	49.0	71.0
51	7	70.0	50.0
51	8	75.0	45.0
51	9	70.0	50.0
51	10	91.0	29.0
51	11	27.0	93.0
51	12	78.0	42.0
51	13	65.0	55.0
51	14	58.0	62.0
51	15	78.0	42.0
51	16	55.0	65.0
51	17	47.0	73.0
51	18	74.0	46.0
51	19	80.0	40.0
51	20	70.0	50.0
51	21	58.0	62.0
51	22	63.0	57.0
51	23	67.0	53.0
51	24	85.0	35.0
51	25	91.0	29.0
51	26	78.0	42.0
51	27	68.0	52.0
51	28	81.0	39.0
51	29	54.0	66.0
51	30	60.0	60.0
51	31	81.0	39.0
51	32	73.0	47.0
51	33	71.0	49.0
51	34	52.0	68.0
51	35	90.0	30.0
51	36	51.0	69.0
51	37	68.0	52.0
51	38	40.0	80.0
51	39	50.0	70.0
51	40	50.0	70.0
51	41	78.0	42.0
51	42	67.0	53.0
51	43	100.0	20.0
51	44	43.0	77.0
51	45	90.0	30.0
51	46	47.0	73.0
51	47	86.0	34.0
51	48	60.0	60.0
51	49	32.0	88.0
51	50	82.0	38.0
52	1	62.0	58.0
52	2	43.0	77.0
52	3	55.0	65.0
52	4	88.0	32.0
52	5	24.0	96.0
52	6	49.0	71.0
52	7	30.0	90.0
52	8	59.0	61.0
52	9	76.0	44.0
52	10	45.0	75.0
52	11	67.0	53.0
52	12	42.0	78.0
52	13	31.0	89.0
52	14	38.0	82.0
52	15	44.0	76.0
52	16	47.0	73.0
52	17	35.0	85.0
52	18	42.0	78.0
52	19	76.0	44.0
52	20	76.0	44.0
52	21	76.0	44.0
52	22	41.0	79.0
52	23	85.0	35.0
52	24	29.0	91.0
52	25	51.0	69.0
52	26	62.0	58.0
52	27	32.0	88.0
52	28	73.0	47.0
52	29	94.0	26.0
52	30	94.0	26.0
52	31	51.0	69.0
52	32	83.0	37.0
52	33	31.0	89.0
52	34	36.0	84.0
52	35	42.0	78.0
52	36	73.0	47.0
52	37	32.0	88.0
52	38	92.0	28.0
52	39	46.0	74.0
52	40	38.0	82.0
52	41	28.0	92.0
52	42	65.0	55.0
52	43	44.0	76.0
52	44	43.0	77.0
52	45	28.0	92.0
52	46	91.0	29.0
52	47	76.0	44.0
52	48	34.0	86.0
52	49	50.0	70.0
52	50	32.0	88.0
52	51	56.0	64.0
53	1	55.0	65.0
53	2	52.0	68.0
53	3	66.0	54.0
53	4	49.0	71.0
53	5	69.0	51.0
53	6	80.0	40.0
53	7	81.0	39.0
53	8	58.0	62.0
53	9	25.0	95.0
53	10	40.0	80.0
53	11	80.0	40.0
53	12	67.0	53.0
53	13	82.0	38.0
53	14	79.0	41.0
53	15	67.0	53.0
53	16	92.0	28.0
53	17	92.0	28.0
53	18	71.0	49.0
53	19	35.0	85.0
53	20	47.0	73.0
53	21	45.0	75.0
53	22	78.0	42.0
53	23	38.0	82.0
53	24	72.0	48.0
53	25	44.0	76.0
53	26	33.0	87.0
53	27	85.0	35.0
53	28	22.0	98.0
53	29	45.0	75.0
53	30	49.0	71.0
53	31	56.0	64.0
53	32	20.0	100.0
53	33	74.0	46.0
53	34	93.0	27.0
53	35	67.0	53.0
53	36	52.0	68.0
53	37	79.0	41.0
53	38	57.0	63.0
53	39	91.0	29.0
53	40	93.0	27.0
53	41	75.0	45.0
53	42	56.0	64.0
53	43	43.0	77.0
53	44	98.0	22.0
53	45	65.0	55.0
53	46	48.0	72.0
53	47	33.0	87.0
53	48	77.0	43.0
53	49	101.0	19.0
53	50	69.0	51.0
53	51	43.0	77.0
53	52	49.0	71.0
54	1	52.0	68.0
54	2	61.0	59.0
54	3	67.0	53.0
54	4	36.0	84.0
54	5	78.0	42.0
54	6	83.0	37.0
54	7	80.0	40.0
54	8	57.0	63.0
54	9	34.0	86.0
54	10	53.0	67.0
54	11	71.0	49.0
54	12	70.0	50.0
54	13	83.0	37.0
54	14	86.0	34.0
54	15	80.0	40.0
54	16	89.0	31.0
54	17	93.0	27.0
54	18	76.0	44.0
54	19	38.0	82.0
54	20	36.0	84.0
54	21	36.0	84.0
54	22	79.0	41.0
54	23	31.0	89.0
54	24	81.0	39.0
54	25	57.0	63.0
54	26	48.0	72.0
54	27	86.0	34.0
54	28	31.0	89.0
54	29	28.0	92.0
54	30	38.0	82.0
54	31	59.0	61.0
54	32	35.0	85.0
54	33	85.0	35.0
54	34	98.0	22.0
54	35	70.0	50.0
54	36	53.0	67.0
54	37	84.0	36.0
54	38	46.0	74.0
54	39	84.0	36.0
54	40	104.0	16.0
54	41	84.0	36.0
54	42	57.0	63.0
54	43	56.0	64.0
54	44	95.0	25.0
54	45	74.0	46.0
54	46	43.0	77.0
54	47	34.0	86.0
54	48	90.0	30.0
54	49	92.0	28.0
54	50	76.0	44.0
54	51	50.0	70.0
54	52	38.0	82.0
54	53	91.0	29.0
55	1	45.0	75.0
55	2	20.0	100.0
55	3	52.0	68.0
55	4	79.0	41.0
55	5	17.0	103.0
55	6	60.0	60.0
55	7	31.0	89.0
55	8	46.0	74.0
55	9	61.0	59.0
55	10	26.0	94.0
55	11	88.0	32.0
55	12	39.0	81.0
55	13	36.0	84.0
55	14	55.0	65.0
55	15	39.0	81.0
55	16	58.0	62.0
55	17	52.0	68.0
55	18	43.0	77.0
55	19	57.0	63.0
55	20	61.0	59.0
55	21	65.0	55.0
55	22	48.0	72.0
55	23	68.0	52.0
55	24	22.0	98.0
55	25	32.0	88.0
55	26	47.0	73.0
55	27	35.0	85.0
55	28	52.0	68.0
55	29	83.0	37.0
55	30	79.0	41.0
55	31	28.0	92.0
55	32	68.0	52.0
55	33	30.0	90.0
55	34	51.0	69.0
55	35	29.0	91.0
55	36	76.0	44.0
55	37	35.0	85.0
55	38	99.0	21.0
55	39	61.0	59.0
55	40	53.0	67.0
55	41	31.0	89.0
55	42	56.0	64.0
55	43	17.0	103.0
55	44	62.0	58.0
55	45	21.0	99.0
55	46	92.0	28.0
55	47	55.0	65.0
55	48	43.0	77.0
55	49	73.0	47.0
55	50	21.0	99.0
55	51	25.0	95.0
55	52	85.0	35.0
55	53	64.0	56.0
55	54	55.0	65.0
56	1	71.0	49.0
56	2	84.0	36.0
56	3	60.0	60.0
56	4	67.0	53.0
56	5	69.0	51.0
56	6	40.0	80.0
56	7	61.0	59.0
56	8	78.0	42.0
56	9	69.0	51.0
56	10	78.0	42.0
56	11	36.0	84.0
56	12	65.0	55.0
56	13	60.0	60.0
56	14	51.0	69.0
56	15	61.0	59.0
56	16	50.0	70.0
56	17	44.0	76.0
56	18	65.0	55.0
56	19	71.0	49.0
56	20	77.0	43.0
56	21	71.0	49.0
56	22	56.0	64.0
56	23	82.0	38.0
56	24	68.0	52.0
56	25	76.0	44.0
56	26	75.0	45.0
56	27	61.0	59.0
56	28	80.0	40.0
56	29	61.0	59.0
56	30	65.0	55.0
56	31	94.0	26.0
56	32	76.0	44.0
56	33	62.0	58.0
56	34	47.0	73.0
56	35	73.0	47.0
56	36	52.0	68.0
56	37	63.0	57.0
56	38	47.0	73.0
56	39	49.0	71.0
56	40	41.0	79.0
56	41	65.0	55.0
56	42	72.0	48.0
56	43	89.0	31.0
56	44	40.0	80.0
56	45	75.0	45.0
56	46	52.0	68.0
56	47	83.0	37.0
56	48	53.0	67.0
56	49	33.0	87.0
56	50	71.0	49.0
56	51	97.0	23.0
56	52	61.0	59.0
56	53	40.0	80.0
56	54	43.0	77.0
56	55	36.0	84.0
57	1	65.0	55.0
57	2	74.0	46.0
57	3	66.0	54.0
57	4	61.0	59.0
57	5	63.0	57.0
57	6	44.0	76.0
57	7	65.0	55.0
57	8	72.0	48.0
57	9	75.0	45.0
57	10	70.0	50.0
57	11	34.0	86.0
57	12	73.0	47.0
57	13	60.0	60.0
57	14	53.0	67.0
57	15	59.0	61.0
57	16	46.0	74.0
57	17	44.0	76.0
57	18	53.0	67.0
57	19	73.0	47.0
57	20	69.0	51.0
57	21	65.0	55.0
57	22	50.0	70.0
57	23	66.0	54.0
57	24	68.0	52.0
57	25	70.0	50.0
57	26	63.0	57.0
57	27	55.0	65.0
57	28	80.0	40.0
57	29	67.0	53.0
57	30	61.0	59.0
57	31	64.0	56.0
57	32	74.0	46.0
57	33	60.0	60.0
57	34	41.0	79.0
57	35	67.0	53.0
57	36	48.0	72.0
57	37	49.0	71.0
57	38	53.0	67.0
57	39	41.0	79.0
57	40	49.0	71.0
57	41	63.0	57.0
57	42	52.0	68.0
57	43	71.0	49.0
57	44	38.0	82.0
57	45	71.0	49.0
57	46	56.0	64.0
57	47	77.0	43.0
57	48	53.0	67.0
57	49	43.0	77.0
57	50	71.0	49.0
57	51	75.0	45.0
57	52	67.0	53.0
57	53	50.0	70.0
57	54	43.0	77.0
57	55	52.0	68.0
57	56	72.0	48.0
58	1	69.0	51.0
58	2	74.0	46.0
58	3	62.0	58.0
58	4	63.0	57.0
58	5	67.0	53.0
58	6	46.0	74.0
58	7	57.0	63.0
58	8	80.0	40.0
58	9	59.0	61.0
58	10	68.0	52.0
58	11	62.0	58.0
58	12	65.0	55.0
58	13	64.0	56.0
58	14	51.0	69.0
58	15	67.0	53.0
58	16	50.0	70.0
58	17	60.0	60.0
58	18	67.0	53.0
58	19	57.0	63.0
58	20	75.0	45.0
58	21	67.0	53.0
58	22	56.0	64.0
58	23	68.0	52.0
58	24	64.0	56.0
58	25	64.0	56.0
58	26	73.0	47.0
58	27	55.0	65.0
58	28	62.0	58.0
58	29	61.0	59.0
58	30	61.0	59.0
58	31	74.0	46.0
58	32	66.0	54.0
58	33	58.0	62.0
58	34	59.0	61.0
58	35	59.0	61.0
58	36	54.0	66.0
58	37	63.0	57.0
58	38	59.0	61.0
58	39	61.0	59.0
58	40	55.0	65.0
58	41	65.0	55.0
58	42	90.0	30.0
58	43	71.0	49.0
58	44	62.0	58.0
58	45	63.0	57.0
58	46	62.0	58.0
58	47	65.0	55.0
58	48	57.0	63.0
58	49	55.0	65.0
58	50	61.0	59.0
58	51	75.0	45.0
58	52	53.0	67.0
58	53	52.0	68.0
58	54	55.0	65.0
58	55	48.0	72.0
58	56	80.0	40.0
58	57	54.0	66.0
59	1	76.0	44.0
59	2	51.0	69.0
59	3	59.0	61.0
59	4	106.0	14.0
59	5	36.0	84.0
59	6	53.0	67.0
59	7	30.0	90.0
59	8	73.0	47.0
59	9	74.0	46.0
59	10	51.0	69.0
59	11	59.0	61.0
59	12	54.0	66.0
59	13	43.0	77.0
59	14	16.0	104.0
59	15	30.0	90.0
59	16	31.0	89.0
59	17	39.0	81.0
59	18	38.0	82.0
59	19	80.0	40.0
59	20	86.0	34.0
59	21	98.0	22.0
59	22	27.0	93.0
59	23	87.0	33.0
59	24	41.0	79.0
59	25	43.0	77.0
59	26	60.0	60.0
59	27	30.0	90.0
59	28	75.0	45.0
59	29	98.0	22.0
59	30	96.0	24.0
59	31	67.0	53.0
59	32	77.0	43.0
59	33	27.0	93.0
59	34	32.0	88.0
59	35	44.0	76.0
59	36	59.0	61.0
59	37	52.0	68.0
59	38	82.0	38.0
59	39	50.0	70.0
59	40	28.0	92.0
59	41	30.0	90.0
59	42	75.0	45.0
59	43	56.0	64.0
59	44	37.0	83.0
59	45	42.0	78.0
59	46	79.0	41.0
59	47	76.0	44.0
59	48	22.0	98.0
59	49	44.0	76.0
59	50	38.0	82.0
59	51	58.0	62.0
59	52	82.0	38.0
59	53	45.0	75.0
59	54	32.0	88.0
59	55	69.0	51.0
59	56	69.0	51.0
59	57	61.0	59.0
59	58	65.0	55.0
60	1	47.0	73.0
60	2	26.0	94.0
60	3	48.0	72.0
60	4	79.0	41.0
60	5	21.0	99.0
60	6	58.0	62.0
60	7	31.0	89.0
60	8	54.0	66.0
60	9	57.0	63.0
60	10	24.0	96.0
60	11	84.0	36.0
60	12	43.0	77.0
60	13	38.0	82.0
60	14	57.0	63.0
60	15	41.0	79.0
60	16	64.0	56.0
60	17	52.0	68.0
60	18	47.0	73.0
60	19	59.0	61.0
60	20	67.0	53.0
60	21	71.0	49.0
60	22	42.0	78.0
60	23	72.0	48.0
60	24	26.0	94.0
60	25	34.0	86.0
60	26	43.0	77.0
60	27	35.0	85.0
60	28	50.0	70.0
60	29	83.0	37.0
60	30	75.0	45.0
60	31	36.0	84.0
60	32	66.0	54.0
60	33	28.0	92.0
60	34	55.0	65.0
60	35	27.0	93.0
60	36	72.0	48.0
60	37	45.0	75.0
60	38	99.0	21.0
60	39	57.0	63.0
60	40	57.0	63.0
60	41	31.0	89.0
60	42	64.0	56.0
60	43	23.0	97.0
60	44	66.0	54.0
60	45	27.0	93.0
60	46	90.0	30.0
60	47	57.0	63.0
60	48	43.0	77.0
60	49	77.0	43.0
60	50	23.0	97.0
60	51	31.0	89.0
60	52	85.0	35.0
60	53	70.0	50.0
60	54	59.0	61.0
60	55	102.0	18.0
60	56	36.0	84.0
60	57	50.0	70.0
60	58	50.0	70.0
60	59	67.0	53.0
61	1	60.0	60.0
61	2	79.0	41.0
61	3	51.0	69.0
61	4	56.0	64.0
61	5	72.0	48.0
61	6	61.0	59.0
61	7	74.0	46.0
61	8	53.0	67.0
61	9	62.0	58.0
61	10	83.0	37.0
61	11	49.0	71.0
61	12	64.0	56.0
61	13	67.0	53.0
61	14	64.0	56.0
61	15	64.0	56.0
61	16	57.0	63.0
61	17	65.0	55.0
61	18	66.0	54.0
61	19	66.0	54.0
61	20	60.0	60.0
61	21	62.0	58.0
61	22	75.0	45.0
61	23	75.0	45.0
61	24	69.0	51.0
61	25	79.0	41.0
61	26	62.0	58.0
61	27	76.0	44.0
61	28	73.0	47.0
61	29	52.0	68.0
61	30	54.0	66.0
61	31	79.0	41.0
61	32	57.0	63.0
61	33	73.0	47.0
61	34	60.0	60.0
61	35	80.0	40.0
61	36	69.0	51.0
61	37	76.0	44.0
61	38	42.0	78.0
61	39	62.0	58.0
61	40	52.0	68.0
61	41	74.0	46.0
61	42	49.0	71.0
61	43	76.0	44.0
61	44	51.0	69.0
61	45	72.0	48.0
61	46	47.0	73.0
61	47	66.0	54.0
61	48	66.0	54.0
61	49	40.0	80.0
61	50	82.0	38.0
61	51	86.0	34.0
61	52	58.0	62.0
61	53	55.0	65.0
61	54	54.0	66.0
61	55	41.0	79.0
61	56	85.0	35.0
61	57	67.0	53.0
61	58	63.0	57.0
61	59	58.0	62.0
61	60	39.0	81.0
62	1	66.0	54.0
62	2	39.0	81.0
62	3	53.0	67.0
62	4	100.0	20.0
62	5	30.0	90.0
62	6	55.0	65.0
62	7	26.0	94.0
62	8	69.0	51.0
62	9	64.0	56.0
62	10	33.0	87.0
62	11	77.0	43.0
62	12	44.0	76.0
62	13	41.0	79.0
62	14	36.0	84.0
62	15	26.0	94.0
62	16	41.0	79.0
62	17	45.0	75.0
62	18	34.0	86.0
62	19	76.0	44.0
62	20	76.0	44.0
62	21	90.0	30.0
62	22	27.0	93.0
62	23	79.0	41.0
62	24	37.0	83.0
62	25	25.0	95.0
62	26	50.0	70.0
62	27	26.0	94.0
62	28	61.0	59.0
62	29	98.0	22.0
62	30	96.0	24.0
62	31	57.0	63.0
62	32	77.0	43.0
62	33	21.0	99.0
62	34	40.0	80.0
62	35	36.0	84.0
62	36	59.0	61.0
62	37	50.0	70.0
62	38	96.0	24.0
62	39	52.0	68.0
62	40	40.0	80.0
62	41	20.0	100.0
62	42	73.0	47.0
62	43	38.0	82.0
62	44	49.0	71.0
62	45	36.0	84.0
62	46	89.0	31.0
62	47	68.0	52.0
62	48	28.0	92.0
62	49	56.0	64.0
62	50	30.0	90.0
62	51	46.0	74.0
62	52	84.0	36.0
62	53	57.0	63.0
62	54	46.0	74.0
62	55	85.0	35.0
62	56	53.0	67.0
62	57	59.0	61.0
62	58	61.0	59.0
62	59	100.0	20.0
62	60	83.0	37.0
62	61	48.0	72.0
63	1	47.0	73.0
63	2	48.0	72.0
63	3	64.0	56.0
63	4	43.0	77.0
63	5	67.0	53.0
63	6	80.0	40.0
63	7	71.0	49.0
63	8	54.0	66.0
63	9	31.0	89.0
63	10	42.0	78.0
63	11	86.0	34.0
63	12	61.0	59.0
63	13	76.0	44.0
63	14	87.0	33.0
63	15	73.0	47.0
63	16	92.0	28.0
63	17	90.0	30.0
63	18	75.0	45.0
63	19	29.0	91.0
63	20	41.0	79.0
63	21	37.0	83.0
63	22	76.0	44.0
63	23	32.0	88.0
63	24	68.0	52.0
63	25	46.0	74.0
63	26	45.0	75.0
63	27	77.0	43.0
63	28	22.0	98.0
63	29	39.0	81.0
63	30	43.0	77.0
63	31	52.0	68.0
63	32	30.0	90.0
63	33	74.0	46.0
63	34	99.0	21.0
63	35	57.0	63.0
63	36	58.0	62.0
63	37	75.0	45.0
63	38	59.0	61.0
63	39	87.0	33.0
63	40	105.0	15.0
63	41	75.0	45.0
63	42	60.0	60.0
63	43	41.0	79.0
63	44	106.0	14.0
63	45	61.0	59.0
63	46	54.0	66.0
63	47	29.0	91.0
63	48	85.0	35.0
63	49	105.0	15.0
63	50	65.0	55.0
63	51	37.0	83.0
63	52	45.0	75.0
63	53	100.0	20.0
63	54	103.0	17.0
63	55	68.0	52.0
63	56	36.0	84.0
63	57	38.0	82.0
63	58	60.0	60.0
63	59	35.0	85.0
63	60	72.0	48.0
63	61	45.0	75.0
63	62	53.0	67.0
64	1	71.0	49.0
64	2	72.0	48.0
64	3	62.0	58.0
64	4	71.0	49.0
64	5	49.0	71.0
64	6	54.0	66.0
64	7	51.0	69.0
64	8	68.0	52.0
64	9	89.0	31.0
64	10	76.0	44.0
64	11	42.0	78.0
64	12	59.0	61.0
64	13	40.0	80.0
64	14	59.0	61.0
64	15	65.0	55.0
64	16	46.0	74.0
64	17	30.0	90.0
64	18	61.0	59.0
64	19	95.0	25.0
64	20	69.0	51.0
64	21	63.0	57.0
64	22	50.0	70.0
64	23	78.0	42.0
64	24	58.0	62.0
64	25	80.0	40.0
64	26	81.0	39.0
64	27	47.0	73.0
64	28	94.0	26.0
64	29	71.0	49.0
64	30	69.0	51.0
64	31	58.0	62.0
64	32	88.0	32.0
64	33	54.0	66.0
64	34	31.0	89.0
64	35	67.0	53.0
64	36	66.0	54.0
64	37	49.0	71.0
64	38	57.0	63.0
64	39	33.0	87.0
64	40	41.0	79.0
64	41	55.0	65.0
64	42	62.0	58.0
64	43	73.0	47.0
64	44	28.0	92.0
64	45	61.0	59.0
64	46	74.0	46.0
64	47	93.0	27.0
64	48	45.0	75.0
64	49	27.0	93.0
64	50	57.0	63.0
64	51	83.0	37.0
64	52	81.0	39.0
64	53	40.0	80.0
64	54	41.0	79.0
64	55	54.0	66.0
64	56	70.0	50.0
64	57	74.0	46.0
64	58	52.0	68.0
64	59	65.0	55.0
64	60	60.0	60.0
64	61	73.0	47.0
64	62	63.0	57.0
64	63	32.0	88.0
65	1	87.0	33.0
65	2	66.0	54.0
65	3	82.0	38.0
65	4	85.0	35.0
65	5	49.0	71.0
65	6	42.0	78.0
65	7	41.0	79.0
65	8	100.0	20.0
65	9	81.0	39.0
65	10	58.0	62.0
65	11	38.0	82.0
65	12	71.0	49.0
65	13	50.0	70.0
65	14	35.0	85.0
65	15	57.0	63.0
65	16	42.0	78.0
65	17	26.0	94.0
65	18	59.0	61.0
65	19	77.0	43.0
65	20	87.0	33.0
65	21	85.0	35.0
65	22	30.0	90.0
65	23	78.0	42.0
65	24	68.0	52.0
65	25	60.0	60.0
65	26	69.0	51.0
65	27	35.0	85.0
65	28	76.0	44.0
65	29	79.0	41.0
65	30	73.0	47.0
65	31	68.0	52.0
65	32	84.0	36.0
65	33	40.0	80.0
65	34	33.0	87.0
65	35	61.0	59.0
65	36	36.0	84.0
65	37	49.0	71.0
65	38	67.0	53.0
65	39	29.0	91.0
65	40	45.0	75.0
65	41	51.0	69.0
65	42	82.0	38.0
65	43	75.0	45.0
65	44	34.0	86.0
65	45	61.0	59.0
65	46	74.0	46.0
65	47	83.0	37.0
65	48	27.0	93.0
65	49	47.0	73.0
65	50	55.0	65.0
65	51	75.0	45.0
65	52	69.0	51.0
65	53	48.0	72.0
65	54	45.0	75.0
65	55	54.0	66.0
65	56	80.0	40.0
65	57	76.0	44.0
65	58	68.0	52.0
65	59	85.0	35.0
65	60	58.0	62.0
65	61	59.0	61.0
65	62	75.0	45.0
65	63	44.0	76.0
65	64	72.0	48.0
66	1	65.0	55.0
66	2	44.0	76.0
66	3	50.0	70.0
66	4	107.0	13.0
66	5	27.0	93.0
66	6	50.0	70.0
66	7	25.0	95.0
66	8	64.0	56.0
66	9	69.0	51.0
66	10	38.0	82.0
66	11	70.0	50.0
66	12	47.0	73.0
66	13	36.0	84.0
66	14	27.0	93.0
66	15	29.0	91.0
66	16	42.0	78.0
66	17	38.0	82.0
66	18	35.0	85.0
66	19	79.0	41.0
66	20	85.0	35.0
66	21	93.0	27.0
66	22	30.0	90.0
66	23	86.0	34.0
66	24	28.0	92.0
66	25	32.0	88.0
66	26	55.0	65.0
66	27	25.0	95.0
66	28	68.0	52.0
66	29	107.0	13.0
66	30	99.0	21.0
66	31	58.0	62.0
66	32	82.0	38.0
66	33	20.0	100.0
66	34	33.0	87.0
66	35	35.0	85.0
66	36	68.0	52.0
66	37	43.0	77.0
66	38	99.0	21.0
66	39	51.0	69.0
66	40	31.0	89.0
66	41	19.0	101.0
66	42	70.0	50.0
66	43	43.0	77.0
66	44	44.0	76.0
66	45	29.0	91.0
66	46	92.0	28.0
66	47	73.0	47.0
66	48	21.0	99.0
66	49	51.0	69.0
66	50	25.0	95.0
66	51	53.0	67.0
66	52	91.0	29.0
66	53	48.0	72.0
66	54	35.0	85.0
66	55	84.0	36.0
66	56	62.0	58.0
66	57	62.0	58.0
66	58	62.0	58.0
66	59	103.0	17.0
66	60	82.0	38.0
66	61	51.0	69.0
66	62	105.0	15.0
66	63	44.0	76.0
66	64	66.0	54.0
66	65	74.0	46.0
67	1	66.0	54.0
67	2	57.0	63.0
67	3	49.0	71.0
67	4	90.0	30.0
67	5	48.0	72.0
67	6	59.0	61.0
67	7	48.0	72.0
67	8	61.0	59.0
67	9	66.0	54.0
67	10	57.0	63.0
67	11	59.0	61.0
67	12	52.0	68.0
67	13	57.0	63.0
67	14	28.0	92.0
67	15	34.0	86.0
67	16	43.0	77.0
67	17	51.0	69.0
67	18	38.0	82.0
67	19	78.0	42.0
67	20	78.0	42.0
67	21	94.0	26.0
67	22	39.0	81.0
67	23	89.0	31.0
67	24	43.0	77.0
67	25	47.0	73.0
67	26	60.0	60.0
67	27	44.0	76.0
67	28	71.0	49.0
67	29	86.0	34.0
67	30	92.0	28.0
67	31	75.0	45.0
67	32	67.0	53.0
67	33	41.0	79.0
67	34	44.0	76.0
67	35	52.0	68.0
67	36	63.0	57.0
67	37	62.0	58.0
67	38	78.0	42.0
67	39	60.0	60.0
67	40	30.0	90.0
67	41	34.0	86.0
67	42	67.0	53.0
67	43	60.0	60.0
67	44	43.0	77.0
67	45	48.0	72.0
67	46	69.0	51.0
67	47	72.0	48.0
67	48	34.0	86.0
67	49	40.0	80.0
67	50	54.0	66.0
67	51	68.0	52.0
67	52	78.0	42.0
67	53	51.0	69.0
67	54	36.0	84.0
67	55	61.0	59.0
67	56	77.0	43.0
67	57	67.0	53.0
67	58	65.0	55.0
67	59	100.0	20.0
67	60	61.0	59.0
67	61	72.0	48.0
67	62	90.0	30.0
67	63	35.0	85.0
67	64	63.0	57.0
67	65	73.0	47.0
67	66	91.0	29.0
68	1	59.0	61.0
68	2	76.0	44.0
68	3	64.0	56.0
68	4	41.0	79.0
68	5	81.0	39.0
68	6	70.0	50.0
68	7	75.0	45.0
68	8	70.0	50.0
68	9	47.0	73.0
68	10	58.0	62.0
68	11	64.0	56.0
68	12	79.0	41.0
68	13	78.0	42.0
68	14	75.0	45.0
68	15	87.0	33.0
68	16	82.0	38.0
68	17	72.0	48.0
68	18	83.0	37.0
68	19	47.0	73.0
68	20	53.0	67.0
68	21	45.0	75.0
68	22	72.0	48.0
68	23	44.0	76.0
68	24	84.0	36.0
68	25	66.0	54.0
68	26	65.0	55.0
68	27	75.0	45.0
68	28	42.0	78.0
68	29	35.0	85.0
68	30	41.0	79.0
68	31	70.0	50.0
68	32	50.0	70.0
68	33	82.0	38.0
68	34	83.0	37.0
68	35	77.0	43.0
68	36	46.0	74.0
68	37	79.0	41.0
68	38	43.0	77.0
68	39	75.0	45.0
68	40	87.0	33.0
68	41	85.0	35.0
68	42	72.0	48.0
68	43	69.0	51.0
68	44	84.0	36.0
68	45	77.0	43.0
68	46	42.0	78.0
68	47	51.0	69.0
68	48	77.0	43.0
68	49	81.0	39.0
68	50	77.0	43.0
68	51	63.0	57.0
68	52	47.0	73.0
68	53	80.0	40.0
68	54	89.0	31.0
68	55	48.0	72.0
68	56	62.0	58.0
68	57	48.0	72.0
68	58	72.0	48.0
68	59	39.0	81.0
68	60	54.0	66.0
68	61	55.0	65.0
68	62	43.0	77.0
68	63	88.0	32.0
68	64	52.0	68.0
68	65	58.0	62.0
68	66	40.0	80.0
68	67	45.0	75.0
69	1	45.0	75.0
69	2	60.0	60.0
69	3	52.0	68.0
69	4	33.0	87.0
69	5	83.0	37.0
69	6	82.0	38.0
69	7	91.0	29.0
69	8	36.0	84.0
69	9	27.0	93.0
69	10	58.0	62.0
69	11	80.0	40.0
69	12	63.0	57.0
69	13	86.0	34.0
69	14	93.0	27.0
69	15	71.0	49.0
69	16	90.0	30.0
69	17	106.0	14.0
69	18	71.0	49.0
69	19	33.0	87.0
69	20	27.0	93.0
69	21	31.0	89.0
69	22	94.0	26.0
69	23	30.0	90.0
69	24	68.0	52.0
69	25	58.0	62.0
69	26	39.0	81.0
69	27	95.0	25.0
69	28	30.0	90.0
69	29	27.0	93.0
69	30	41.0	79.0
69	31	64.0	56.0
69	32	18.0	102.0
69	33	92.0	28.0
69	34	103.0	17.0
69	35	71.0	49.0
69	36	66.0	54.0
69	37	83.0	37.0
69	38	43.0	77.0
69	39	97.0	23.0
69	40	91.0	29.0
69	41	79.0	41.0
69	42	50.0	70.0
69	43	53.0	67.0
69	44	102.0	18.0
69	45	69.0	51.0
69	46	36.0	84.0
69	47	27.0	93.0
69	48	97.0	23.0
69	49	87.0	33.0
69	50	77.0	43.0
69	51	47.0	73.0
69	52	39.0	81.0
69	53	94.0	26.0
69	54	93.0	27.0
69	55	54.0	66.0
69	56	42.0	78.0
69	57	44.0	76.0
69	58	54.0	66.0
69	59	33.0	87.0
69	60	54.0	66.0
69	61	63.0	57.0
69	62	45.0	75.0
69	63	94.0	26.0
69	64	38.0	82.0
69	65	24.0	96.0
69	66	36.0	84.0
69	67	45.0	75.0
69	68	74.0	46.0
70	1	66.0	54.0
70	2	45.0	75.0
70	3	53.0	67.0
70	4	92.0	28.0
70	5	24.0	96.0
70	6	51.0	69.0
70	7	30.0	90.0
70	8	63.0	57.0
70	9	90.0	30.0
70	10	53.0	67.0
70	11	57.0	63.0
70	12	46.0	74.0
70	13	29.0	91.0
70	14	30.0	90.0
70	15	36.0	84.0
70	16	35.0	85.0
70	17	27.0	93.0
70	18	42.0	78.0
70	19	86.0	34.0
70	20	82.0	38.0
70	21	86.0	34.0
70	22	35.0	85.0
70	23	85.0	35.0
70	24	33.0	87.0
70	25	55.0	65.0
70	26	68.0	52.0
70	27	26.0	94.0
70	28	87.0	33.0
70	29	100.0	20.0
70	30	92.0	28.0
70	31	47.0	73.0
70	32	95.0	25.0
70	33	27.0	93.0
70	34	18.0	102.0
70	35	38.0	82.0
70	36	71.0	49.0
70	37	32.0	88.0
70	38	88.0	32.0
70	39	36.0	84.0
70	40	26.0	94.0
70	41	26.0	94.0
70	42	67.0	53.0
70	43	52.0	68.0
70	44	27.0	93.0
70	45	30.0	90.0
70	46	97.0	23.0
70	47	88.0	32.0
70	48	26.0	94.0
70	49	36.0	84.0
70	50	32.0	88.0
70	51	54.0	66.0
70	52	94.0	26.0
70	53	35.0	85.0
70	54	32.0	88.0
70	55	81.0	39.0
70	56	59.0	61.0
70	57	67.0	53.0
70	58	53.0	67.0
70	59	92.0	28.0
70	60	77.0	43.0
70	61	52.0	68.0
70	62	86.0	34.0
70	63	33.0	87.0
70	64	83.0	37.0
70	65	75.0	45.0
70	66	95.0	25.0
70	67	78.0	42.0
70	68	33.0	87.0
70	69	27.0	93.0
71	1	42.0	78.0
71	2	47.0	73.0
71	3	47.0	73.0
71	4	48.0	72.0
71	5	58.0	62.0
71	6	83.0	37.0
71	7	64.0	56.0
71	8	27.0	93.0
71	9	54.0	66.0
71	10	69.0	51.0
71	11	79.0	41.0
71	12	44.0	76.0
71	13	63.0	57.0
71	14	76.0	44.0
71	15	60.0	60.0
71	16	67.0	53.0
71	17	77.0	43.0
71	18	64.0	56.0
71	19	54.0	66.0
71	20	44.0	76.0
71	21	48.0	72.0
71	22	81.0	39.0
71	23	57.0	63.0
71	24	47.0	73.0
71	25	65.0	55.0
71	26	62.0	58.0
71	27	70.0	50.0
71	28	55.0	65.0
71	29	48.0	72.0
71	30	52.0	68.0
71	31	45.0	75.0
71	32	47.0	73.0
71	33	67.0	53.0
71	34	78.0	42.0
71	35	52.0	68.0
71	36	93.0	27.0
71	37	68.0	52.0
71	38	62.0	58.0
71	39	74.0	46.0
71	40	68.0	52.0
71	41	60.0	60.0
71	42	47.0	73.0
71	43	52.0	68.0
71	44	73.0	47.0
71	45	44.0	76.0
71	46	61.0	59.0
71	47	46.0	74.0
71	48	78.0	42.0
71	49	64.0	56.0
71	50	56.0	64.0
71	51	48.0	72.0
71	52	54.0	66.0
71	53	61.0	59.0
71	54	68.0	52.0
71	55	69.0	51.0
71	56	45.0	75.0
71	57	33.0	87.0
71	58	57.0	63.0
71	59	48.0	72.0
71	60	61.0	59.0
71	61	68.0	52.0
71	62	52.0	68.0
71	63	69.0	51.0
71	64	59.0	61.0
71	65	27.0	93.0
71	66	53.0	67.0
71	67	52.0	68.0
71	68	51.0	69.0
71	69	81.0	39.0
71	70	56.0	64.0
72	1	42.0	78.0
72	2	53.0	67.0
72	3	59.0	61.0
72	4	38.0	82.0
72	5	76.0	44.0
72	6	79.0	41.0
72	7	84.0	36.0
72	8	43.0	77.0
72	9	20.0	100.0
72	10	49.0	71.0
72	11	85.0	35.0
72	12	62.0	58.0
72	13	89.0	31.0
72	14	86.0	34.0
72	15	72.0	48.0
72	16	93.0	27.0
72	17	105.0	15.0
72	18	70.0	50.0
72	19	26.0	94.0
72	20	34.0	86.0
72	21	38.0	82.0
72	22	87.0	33.0
72	23	31.0	89.0
72	24	69.0	51.0
72	25	47.0	73.0
72	26	36.0	84.0
72	27	88.0	32.0
72	28	17.0	103.0
72	29	36.0	84.0
72	30	44.0	76.0
72	31	61.0	59.0
72	32	13.0	107.0
72	33	79.0	41.0
72	34	108.0	12.0
72	35	70.0	50.0
72	36	63.0	57.0
72	37	82.0	38.0
72	38	52.0	68.0
72	39	100.0	20.0
72	40	94.0	26.0
72	41	76.0	44.0
72	42	55.0	65.0
72	43	46.0	74.0
72	44	111.0	9.0
72	45	66.0	54.0
72	46	43.0	77.0
72	47	18.0	102.0
72	48	88.0	32.0
72	49	98.0	22.0
72	50	72.0	48.0
72	51	44.0	76.0
72	52	40.0	80.0
72	53	101.0	19.0
72	54	94.0	26.0
72	55	61.0	59.0
72	56	41.0	79.0
72	57	39.0	81.0
72	58	61.0	59.0
72	59	36.0	84.0
72	60	63.0	57.0
72	61	56.0	64.0
72	62	50.0	70.0
72	63	101.0	19.0
72	64	29.0	91.0
72	65	33.0	87.0
72	66	43.0	77.0
72	67	48.0	72.0
72	68	79.0	41.0
72	69	105.0	15.0
72	70	24.0	96.0
72	71	74.0	46.0
73	1	68.0	52.0
73	2	51.0	69.0
73	3	51.0	69.0
73	4	92.0	28.0
73	5	26.0	94.0
73	6	47.0	73.0
73	7	26.0	94.0
73	8	65.0	55.0
73	9	92.0	28.0
73	10	55.0	65.0
73	11	51.0	69.0
73	12	48.0	72.0
73	13	21.0	99.0
73	14	32.0	88.0
73	15	34.0	86.0
73	16	31.0	89.0
73	17	21.0	99.0
73	18	36.0	84.0
73	19	86.0	34.0
73	20	80.0	40.0
73	21	82.0	38.0
73	22	35.0	85.0
73	23	87.0	33.0
73	24	37.0	83.0
73	25	57.0	63.0
73	26	70.0	50.0
73	27	26.0	94.0
73	28	91.0	29.0
73	29	98.0	22.0
73	30	96.0	24.0
73	31	47.0	73.0
73	32	99.0	21.0
73	33	25.0	95.0
73	34	14.0	106.0
73	35	38.0	82.0
73	36	69.0	51.0
73	37	28.0	92.0
73	38	86.0	34.0
73	39	32.0	88.0
73	40	24.0	96.0
73	41	30.0	90.0
73	42	63.0	57.0
73	43	56.0	64.0
73	44	21.0	99.0
73	45	38.0	82.0
73	46	95.0	25.0
73	47	92.0	28.0
73	48	28.0	92.0
73	49	32.0	88.0
73	50	30.0	90.0
73	51	60.0	60.0
73	52	92.0	28.0
73	53	29.0	91.0
73	54	28.0	92.0
73	55	77.0	43.0
73	56	69.0	51.0
73	57	69.0	51.0
73	58	55.0	65.0
73	59	92.0	28.0
73	60	73.0	47.0
73	61	54.0	66.0
73	62	84.0	36.0
73	63	29.0	91.0
73	64	83.0	37.0
73	65	75.0	45.0
73	66	93.0	27.0
73	67	76.0	44.0
73	68	33.0	87.0
73	69	25.0	95.0
73	70	108.0	12.0
73	71	52.0	68.0
73	72	20.0	100.0
74	1	68.0	52.0
74	2	89.0	31.0
74	3	77.0	43.0
74	4	42.0	78.0
74	5	76.0	44.0
74	6	63.0	57.0
74	7	80.0	40.0
74	8	67.0	53.0
74	9	74.0	46.0
74	10	97.0	23.0
74	11	27.0	93.0
74	12	78.0	42.0
74	13	69.0	51.0
74	14	72.0	48.0
74	15	92.0	28.0
74	16	59.0	61.0
74	17	57.0	63.0
74	18	78.0	42.0
74	19	72.0	48.0
74	20	56.0	64.0
74	21	40.0	80.0
74	22	79.0	41.0
74	23	59.0	61.0
74	24	83.0	37.0
74	25	109.0	11.0
74	26	76.0	44.0
74	27	76.0	44.0
74	28	81.0	39.0
74	29	42.0	78.0
74	30	44.0	76.0
74	31	63.0	57.0
74	32	63.0	57.0
74	33	81.0	39.0
74	34	60.0	60.0
74	35	92.0	28.0
74	36	55.0	65.0
74	37	64.0	56.0
74	38	30.0	90.0
74	39	50.0	70.0
74	40	62.0	58.0
74	41	88.0	32.0
74	42	55.0	65.0
74	43	94.0	26.0
74	44	49.0	71.0
74	45	84.0	36.0
74	46	49.0	71.0
74	47	74.0	46.0
74	48	72.0	48.0
74	49	44.0	76.0
74	50	84.0	36.0
74	51	94.0	26.0
74	52	54.0	66.0
74	53	49.0	71.0
74	54	58.0	62.0
74	55	35.0	85.0
74	56	75.0	45.0
74	57	71.0	49.0
74	58	63.0	57.0
74	59	42.0	78.0
74	60	39.0	81.0
74	61	80.0	40.0
74	62	30.0	90.0
74	63	47.0	73.0
74	64	85.0	35.0
74	65	67.0	53.0
74	66	35.0	85.0
74	67	48.0	72.0
74	68	67.0	53.0
74	69	57.0	63.0
74	70	52.0	68.0
74	71	60.0	60.0
74	72	52.0	68.0
74	73	54.0	66.0
75	1	48.0	72.0
75	2	65.0	55.0
75	3	71.0	49.0
75	4	24.0	96.0
75	5	90.0	30.0
75	6	83.0	37.0
75	7	96.0	24.0
75	8	53.0	67.0
75	9	34.0	86.0
75	10	61.0	59.0
75	11	69.0	51.0
75	12	72.0	48.0
75	13	95.0	25.0
75	14	88.0	32.0
75	15	86.0	34.0
75	16	91.0	29.0
75	17	99.0	21.0
75	18	84.0	36.0
75	19	34.0	86.0
75	20	36.0	84.0
75	21	30.0	90.0
75	22	89.0	31.0
75	23	23.0	97.0
75	24	85.0	35.0
75	25	65.0	55.0
75	26	48.0	72.0
75	27	96.0	24.0
75	28	31.0	89.0
75	29	22.0	98.0
75	30	32.0	88.0
75	31	65.0	55.0
75	32	21.0	99.0
75	33	97.0	23.0
75	34	110.0	10.0
75	35	82.0	38.0
75	36	51.0	69.0
75	37	86.0	34.0
75	38	38.0	82.0
75	39	92.0	28.0
75	40	106.0	14.0
75	41	90.0	30.0
75	42	57.0	63.0
75	43	62.0	58.0
75	44	99.0	21.0
75	45	78.0	42.0
75	46	31.0	89.0
75	47	30.0	90.0
75	48	96.0	24.0
75	49	92.0	28.0
75	50	88.0	32.0
75	51	56.0	64.0
75	52	34.0	86.0
75	53	93.0	27.0
75	54	100.0	20.0
75	55	47.0	73.0
75	56	43.0	77.0
75	57	49.0	71.0
75	58	57.0	63.0
75	59	26.0	94.0
75	60	51.0	69.0
75	61	58.0	62.0
75	62	36.0	84.0
75	63	95.0	25.0
75	64	39.0	81.0
75	65	39.0	81.0
75	66	27.0	93.0
75	67	38.0	82.0
75	68	87.0	33.0
75	69	99.0	21.0
75	70	20.0	100.0
75	71	70.0	50.0
75	72	102.0	18.0
75	73	12.0	108.0
75	74	68.0	52.0
76	1	44.0	76.0
76	2	57.0	63.0
76	3	57.0	63.0
76	4	46.0	74.0
76	5	76.0	44.0
76	6	83.0	37.0
76	7	84.0	36.0
76	8	49.0	71.0
76	9	24.0	96.0
76	10	47.0	73.0
76	11	75.0	45.0
76	12	68.0	52.0
76	13	85.0	35.0
76	14	78.0	42.0
76	15	72.0	48.0
76	16	93.0	27.0
76	17	95.0	25.0
76	18	70.0	50.0
76	19	36.0	84.0
76	20	46.0	74.0
76	21	44.0	76.0
76	22	83.0	37.0
76	23	37.0	83.0
76	24	75.0	45.0
76	25	49.0	71.0
76	26	34.0	86.0
76	27	88.0	32.0
76	28	31.0	89.0
76	29	40.0	80.0
76	30	56.0	64.0
76	31	63.0	57.0
76	32	25.0	95.0
76	33	81.0	39.0
76	34	98.0	22.0
76	35	72.0	48.0
76	36	55.0	65.0
76	37	86.0	34.0
76	38	50.0	70.0
76	39	104.0	16.0
76	40	90.0	30.0
76	41	76.0	44.0
76	42	61.0	59.0
76	43	50.0	70.0
76	44	97.0	23.0
76	45	68.0	52.0
76	46	41.0	79.0
76	47	34.0	86.0
76	48	82.0	38.0
76	49	90.0	30.0
76	50	76.0	44.0
76	51	50.0	70.0
76	52	46.0	74.0
76	53	103.0	17.0
76	54	90.0	30.0
76	55	57.0	63.0
76	56	51.0	69.0
76	57	47.0	73.0
76	58	55.0	65.0
76	59	46.0	74.0
76	60	59.0	61.0
76	61	58.0	62.0
76	62	52.0	68.0
76	63	91.0	29.0
76	64	39.0	81.0
76	65	39.0	81.0
76	66	47.0	73.0
76	67	54.0	66.0
76	68	83.0	37.0
76	69	97.0	23.0
76	70	34.0	86.0
76	71	66.0	54.0
76	72	100.0	20.0
76	73	32.0	88.0
76	74	56.0	64.0
76	75	94.0	26.0
77	1	74.0	46.0
77	2	49.0	71.0
77	3	73.0	47.0
77	4	98.0	22.0
77	5	30.0	90.0
77	6	49.0	71.0
77	7	34.0	86.0
77	8	81.0	39.0
77	9	82.0	38.0
77	10	53.0	67.0
77	11	55.0	65.0
77	12	54.0	66.0
77	13	39.0	81.0
77	14	32.0	88.0
77	15	46.0	74.0
77	16	45.0	75.0
77	17	29.0	91.0
77	18	40.0	80.0
77	19	80.0	40.0
77	20	78.0	42.0
77	21	82.0	38.0
77	22	29.0	91.0
77	23	79.0	41.0
77	24	45.0	75.0
77	25	45.0	75.0
77	26	60.0	60.0
77	27	32.0	88.0
77	28	75.0	45.0
77	29	96.0	24.0
77	30	94.0	26.0
77	31	53.0	67.0
77	32	83.0	37.0
77	33	27.0	93.0
77	34	34.0	86.0
77	35	48.0	72.0
77	36	53.0	67.0
77	37	36.0	84.0
77	38	84.0	36.0
77	39	42.0	78.0
77	40	36.0	84.0
77	41	36.0	84.0
77	42	77.0	43.0
77	43	54.0	66.0
77	44	37.0	83.0
77	45	44.0	76.0
77	46	93.0	27.0
77	47	78.0	42.0
77	48	20.0	100.0
77	49	48.0	72.0
77	50	34.0	86.0
77	51	62.0	58.0
77	52	80.0	40.0
77	53	43.0	77.0
77	54	38.0	82.0
77	55	75.0	45.0
77	56	71.0	49.0
77	57	65.0	55.0
77	58	65.0	55.0
77	59	92.0	28.0
77	60	69.0	51.0
77	61	52.0	68.0
77	62	88.0	32.0
77	63	43.0	77.0
77	64	71.0	49.0
77	65	89.0	31.0
77	66	93.0	27.0
77	67	82.0	38.0
77	68	41.0	79.0
77	69	29.0	91.0
77	70	88.0	32.0
77	71	44.0	76.0
77	72	40.0	80.0
77	73	92.0	28.0
77	74	54.0	66.0
77	75	32.0	88.0
77	76	42.0	78.0
78	1	62.0	58.0
78	2	65.0	55.0
78	3	53.0	67.0
78	4	62.0	58.0
78	5	48.0	72.0
78	6	55.0	65.0
78	7	50.0	70.0
78	8	55.0	65.0
78	9	78.0	42.0
78	10	73.0	47.0
78	11	53.0	67.0
78	12	58.0	62.0
78	13	43.0	77.0
78	14	66.0	54.0
78	15	62.0	58.0
78	16	53.0	67.0
78	17	45.0	75.0
78	18	58.0	62.0
78	19	78.0	42.0
78	20	64.0	56.0
78	21	58.0	62.0
78	22	59.0	61.0
78	23	73.0	47.0
78	24	47.0	73.0
78	25	77.0	43.0
78	26	76.0	44.0
78	27	50.0	70.0
78	28	85.0	35.0
78	29	64.0	56.0
78	30	62.0	58.0
78	31	57.0	63.0
78	32	75.0	45.0
78	33	53.0	67.0
78	34	44.0	76.0
78	35	56.0	64.0
78	36	77.0	43.0
78	37	42.0	78.0
78	38	64.0	56.0
78	39	38.0	82.0
78	40	48.0	72.0
78	41	52.0	68.0
78	42	53.0	67.0
78	43	66.0	54.0
78	44	41.0	79.0
78	45	50.0	70.0
78	46	79.0	41.0
78	47	76.0	44.0
78	48	60.0	60.0
78	49	40.0	80.0
78	50	52.0	68.0
78	51	72.0	48.0
78	52	68.0	52.0
78	53	43.0	77.0
78	54	42.0	78.0
78	55	61.0	59.0
78	56	65.0	55.0
78	57	63.0	57.0
78	58	59.0	61.0
78	59	62.0	58.0
78	60	63.0	57.0
78	61	66.0	54.0
78	62	62.0	58.0
78	63	45.0	75.0
78	64	89.0	31.0
78	65	63.0	57.0
78	66	65.0	55.0
78	67	60.0	60.0
78	68	41.0	79.0
78	69	49.0	71.0
78	70	76.0	44.0
78	71	70.0	50.0
78	72	42.0	78.0
78	73	74.0	46.0
78	74	76.0	44.0
78	75	44.0	76.0
78	76	36.0	84.0
78	77	70.0	50.0
79	1	50.0	70.0
79	2	59.0	61.0
79	3	43.0	77.0
79	4	66.0	54.0
79	5	46.0	74.0
79	6	61.0	59.0
79	7	52.0	68.0
79	8	47.0	73.0
79	9	74.0	46.0
79	10	63.0	57.0
79	11	63.0	57.0
79	12	48.0	72.0
79	13	37.0	83.0
79	14	60.0	60.0
79	15	44.0	76.0
79	16	59.0	61.0
79	17	49.0	71.0
79	18	48.0	72.0
79	19	82.0	38.0
79	20	66.0	54.0
79	21	64.0	56.0
79	22	61.0	59.0
79	23	75.0	45.0
79	24	41.0	79.0
79	25	63.0	57.0
79	26	64.0	56.0
79	27	52.0	68.0
79	28	79.0	41.0
79	29	70.0	50.0
79	30	78.0	42.0
79	31	49.0	71.0
79	32	69.0	51.0
79	33	55.0	65.0
79	34	46.0	74.0
79	35	50.0	70.0
79	36	77.0	43.0
79	37	50.0	70.0
79	38	72.0	48.0
79	39	56.0	64.0
79	40	48.0	72.0
79	41	46.0	74.0
79	42	57.0	63.0
79	43	54.0	66.0
79	44	45.0	75.0
79	45	44.0	76.0
79	46	75.0	45.0
79	47	74.0	46.0
79	48	56.0	64.0
79	49	46.0	74.0
79	50	56.0	64.0
79	51	62.0	58.0
79	52	82.0	38.0
79	53	55.0	65.0
79	54	48.0	72.0
79	55	69.0	51.0
79	56	57.0	63.0
79	57	63.0	57.0
79	58	55.0	65.0
79	59	66.0	54.0
79	60	73.0	47.0
79	61	66.0	54.0
79	62	68.0	52.0
79	63	51.0	69.0
79	64	83.0	37.0
79	65	53.0	67.0
79	66	71.0	49.0
79	67	68.0	52.0
79	68	45.0	75.0
79	69	55.0	65.0
79	70	84.0	36.0
79	71	70.0	50.0
79	72	48.0	72.0
79	73	84.0	36.0
79	74	62.0	58.0
79	75	46.0	74.0
79	76	54.0	66.0
79	77	64.0	56.0
79	78	76.0	44.0
80	1	42.0	78.0
80	2	49.0	71.0
80	3	51.0	69.0
80	4	42.0	78.0
80	5	58.0	62.0
80	6	85.0	35.0
80	7	66.0	54.0
80	8	31.0	89.0
80	9	52.0	68.0
80	10	57.0	63.0
80	11	79.0	41.0
80	12	44.0	76.0
80	13	65.0	55.0
80	14	82.0	38.0
80	15	64.0	56.0
80	16	75.0	45.0
80	17	75.0	45.0
80	18	62.0	58.0
80	19	50.0	70.0
80	20	44.0	76.0
80	21	34.0	86.0
80	22	85.0	35.0
80	23	45.0	75.0
80	24	55.0	65.0
80	25	61.0	59.0
80	26	54.0	66.0
80	27	70.0	50.0
80	28	51.0	69.0
80	29	50.0	70.0
80	30	52.0	68.0
80	31	43.0	77.0
80	32	49.0	71.0
80	33	67.0	53.0
80	34	76.0	44.0
80	35	54.0	66.0
80	36	87.0	33.0
80	37	66.0	54.0
80	38	58.0	62.0
80	39	72.0	48.0
80	40	74.0	46.0
80	41	66.0	54.0
80	42	43.0	77.0
80	43	48.0	72.0
80	44	77.0	43.0
80	45	50.0	70.0
80	46	59.0	61.0
80	47	42.0	78.0
80	48	80.0	40.0
80	49	74.0	46.0
80	50	60.0	60.0
80	51	42.0	78.0
80	52	56.0	64.0
80	53	71.0	49.0
80	54	74.0	46.0
80	55	73.0	47.0
80	56	37.0	83.0
80	57	41.0	79.0
80	58	47.0	73.0
80	59	38.0	82.0
80	60	67.0	53.0
80	61	56.0	64.0
80	62	46.0	74.0
80	63	79.0	41.0
80	64	57.0	63.0
80	65	29.0	91.0
80	66	45.0	75.0
80	67	42.0	78.0
80	68	65.0	55.0
80	69	79.0	41.0
80	70	52.0	68.0
80	71	94.0	26.0
80	72	78.0	42.0
80	73	52.0	68.0
80	74	60.0	60.0
80	75	72.0	48.0
80	76	72.0	48.0
80	77	46.0	74.0
80	78	60.0	60.0
80	79	68.0	52.0
81	1	73.0	47.0
81	2	72.0	48.0
81	3	56.0	64.0
81	4	75.0	45.0
81	5	57.0	63.0
81	6	46.0	74.0
81	7	57.0	63.0
81	8	68.0	52.0
81	9	81.0	39.0
81	10	80.0	40.0
81	11	44.0	76.0
81	12	61.0	59.0
81	13	56.0	64.0
81	14	41.0	79.0
81	15	55.0	65.0
81	16	34.0	86.0
81	17	40.0	80.0
81	18	51.0	69.0
81	19	85.0	35.0
81	20	85.0	35.0
81	21	75.0	45.0
81	22	48.0	72.0
81	23	82.0	38.0
81	24	58.0	62.0
81	25	70.0	50.0
81	26	79.0	41.0
81	27	53.0	67.0
81	28	90.0	30.0
81	29	77.0	43.0
81	30	79.0	41.0
81	31	66.0	54.0
81	32	84.0	36.0
81	33	52.0	68.0
81	34	37.0	83.0
81	35	69.0	51.0
81	36	66.0	54.0
81	37	47.0	73.0
81	38	65.0	55.0
81	39	43.0	77.0
81	40	35.0	85.0
81	41	49.0	71.0
81	42	68.0	52.0
81	43	75.0	45.0
81	44	28.0	92.0
81	45	61.0	59.0
81	46	66.0	54.0
81	47	93.0	27.0
81	48	43.0	77.0
81	49	27.0	93.0
81	50	59.0	61.0
81	51	87.0	33.0
81	52	73.0	47.0
81	53	34.0	86.0
81	54	35.0	85.0
81	55	52.0	68.0
81	56	84.0	36.0
81	57	74.0	46.0
81	58	68.0	52.0
81	59	75.0	45.0
81	60	48.0	72.0
81	61	75.0	45.0
81	62	67.0	53.0
81	63	24.0	96.0
81	64	80.0	40.0
81	65	70.0	50.0
81	66	72.0	48.0
81	67	83.0	37.0
81	68	40.0	80.0
81	69	38.0	82.0
81	70	75.0	45.0
81	71	53.0	67.0
81	72	33.0	87.0
81	73	81.0	39.0
81	74	67.0	53.0
81	75	37.0	83.0
81	76	39.0	81.0
81	77	73.0	47.0
81	78	69.0	51.0
81	79	67.0	53.0
81	80	43.0	77.0
82	1	73.0	47.0
82	2	90.0	30.0
82	3	78.0	42.0
82	4	35.0	85.0
82	5	87.0	33.0
82	6	70.0	50.0
82	7	85.0	35.0
82	8	72.0	48.0
82	9	65.0	55.0
82	10	90.0	30.0
82	11	30.0	90.0
82	12	81.0	39.0
82	13	78.0	42.0
82	14	71.0	49.0
82	15	89.0	31.0
82	16	62.0	58.0
82	17	64.0	56.0
82	18	87.0	33.0
82	19	61.0	59.0
82	20	53.0	67.0
82	21	43.0	77.0
82	22	78.0	42.0
82	23	48.0	72.0
82	24	96.0	24.0
82	25	98.0	22.0
82	26	77.0	43.0
82	27	83.0	37.0
82	28	66.0	54.0
82	29	35.0	85.0
82	30	35.0	85.0
82	31	70.0	50.0
82	32	56.0	64.0
82	33	86.0	34.0
82	34	69.0	51.0
82	35	99.0	21.0
82	36	48.0	72.0
82	37	75.0	45.0
82	38	21.0	99.0
82	39	57.0	63.0
82	40	71.0	49.0
82	41	91.0	29.0
82	42	60.0	60.0
82	43	97.0	23.0
82	44	58.0	62.0
82	45	95.0	25.0
82	46	38.0	82.0
82	47	63.0	57.0
82	48	79.0	41.0
82	49	53.0	67.0
82	50	91.0	29.0
82	51	87.0	33.0
82	52	39.0	81.0
82	53	58.0	62.0
82	54	69.0	51.0
82	55	24.0	96.0
82	56	78.0	42.0
82	57	62.0	58.0
82	58	62.0	58.0
82	59	41.0	79.0
82	60	30.0	90.0
82	61	75.0	45.0
82	62	27.0	93.0
82	63	56.0	64.0
82	64	72.0	48.0
82	65	64.0	56.0
82	66	26.0	94.0
82	67	47.0	73.0
82	68	78.0	42.0
82	69	62.0	58.0
82	70	41.0	79.0
82	71	57.0	63.0
82	72	59.0	61.0
82	73	45.0	75.0
82	74	97.0	23.0
82	75	77.0	43.0
82	76	61.0	59.0
82	77	45.0	75.0
82	78	63.0	57.0
82	79	51.0	69.0
82	80	61.0	59.0
82	81	64.0	56.0
83	1	59.0	61.0
83	2	86.0	34.0
83	3	64.0	56.0
83	4	29.0	91.0
83	5	103.0	17.0
83	6	72.0	48.0
83	7	103.0	17.0
83	8	52.0	68.0
83	9	35.0	85.0
83	10	74.0	46.0
83	11	54.0	66.0
83	12	79.0	41.0
83	13	98.0	22.0
83	14	81.0	39.0
83	15	81.0	39.0
83	16	78.0	42.0
83	17	94.0	26.0
83	18	73.0	47.0
83	19	41.0	79.0
83	20	49.0	71.0
83	21	41.0	79.0
83	22	88.0	32.0
83	23	40.0	80.0
83	24	86.0	34.0
83	25	74.0	46.0
83	26	53.0	67.0
83	27	101.0	19.0
83	28	44.0	76.0
83	29	29.0	91.0
83	30	35.0	85.0
83	31	78.0	42.0
83	32	28.0	92.0
83	33	100.0	20.0
83	34	93.0	27.0
83	35	91.0	29.0
83	36	50.0	70.0
83	37	91.0	29.0
83	38	27.0	93.0
83	39	87.0	33.0
83	40	85.0	35.0
83	41	93.0	27.0
83	42	46.0	74.0
83	43	73.0	47.0
83	44	84.0	36.0
83	45	91.0	29.0
83	46	16.0	104.0
83	47	43.0	77.0
83	48	91.0	29.0
83	49	73.0	47.0
83	50	101.0	19.0
83	51	71.0	49.0
83	52	35.0	85.0
83	53	82.0	38.0
83	54	81.0	39.0
83	55	34.0	86.0
83	56	62.0	58.0
83	57	68.0	52.0
83	58	60.0	60.0
83	59	37.0	83.0
83	60	36.0	84.0
83	61	77.0	43.0
83	62	33.0	87.0
83	63	74.0	46.0
83	64	44.0	76.0
83	65	42.0	78.0
83	66	32.0	88.0
83	67	57.0	63.0
83	68	80.0	40.0
83	69	90.0	30.0
83	70	21.0	99.0
83	71	57.0	63.0
83	72	87.0	33.0
83	73	21.0	99.0
83	74	71.0	49.0
83	75	93.0	27.0
83	76	85.0	35.0
83	77	27.0	93.0
83	78	43.0	77.0
83	79	49.0	71.0
83	80	63.0	57.0
83	81	54.0	66.0
83	82	80.0	40.0
84	1	73.0	47.0
84	2	86.0	34.0
84	3	72.0	48.0
84	4	47.0	73.0
84	5	73.0	47.0
84	6	66.0	54.0
84	7	75.0	45.0
84	8	64.0	56.0
84	9	85.0	35.0
84	10	104.0	16.0
84	11	32.0	88.0
84	12	75.0	45.0
84	13	64.0	56.0
84	14	57.0	63.0
84	15	81.0	39.0
84	16	48.0	72.0
84	17	52.0	68.0
84	18	67.0	53.0
84	19	77.0	43.0
84	20	65.0	55.0
84	21	45.0	75.0
84	22	76.0	44.0
84	23	62.0	58.0
84	24	76.0	44.0
84	25	104.0	16.0
84	26	85.0	35.0
84	27	69.0	51.0
84	28	90.0	30.0
84	29	49.0	71.0
84	30	51.0	69.0
84	31	60.0	60.0
84	32	70.0	50.0
84	33	76.0	44.0
84	34	49.0	71.0
84	35	81.0	39.0
84	36	66.0	54.0
84	37	57.0	63.0
84	38	37.0	83.0
84	39	45.0	75.0
84	40	53.0	67.0
84	41	79.0	41.0
84	42	54.0	66.0
84	43	93.0	27.0
84	44	38.0	82.0
84	45	75.0	45.0
84	46	50.0	70.0
84	47	79.0	41.0
84	48	67.0	53.0
84	49	37.0	83.0
84	50	79.0	41.0
84	51	91.0	29.0
84	52	57.0	63.0
84	53	42.0	78.0
84	54	47.0	73.0
84	55	36.0	84.0
84	56	74.0	46.0
84	57	72.0	48.0
84	58	64.0	56.0
84	59	53.0	67.0
84	60	34.0	86.0
84	61	77.0	43.0
84	62	35.0	85.0
84	63	38.0	82.0
84	64	84.0	36.0
84	65	66.0	54.0
84	66	44.0	76.0
84	67	55.0	65.0
84	68	56.0	64.0
84	69	50.0	70.0
84	70	63.0	57.0
84	71	65.0	55.0
84	72	43.0	77.0
84	73	65.0	55.0
84	74	105.0	15.0
84	75	57.0	63.0
84	76	45.0	75.0
84	77	59.0	61.0
84	78	79.0	41.0
84	79	69.0	51.0
84	80	61.0	59.0
84	81	78.0	42.0
84	82	88.0	32.0
84	83	66.0	54.0
85	1	49.0	71.0
85	2	70.0	50.0
85	3	46.0	74.0
85	4	47.0	73.0
85	5	91.0	29.0
85	6	76.0	44.0
85	7	81.0	39.0
85	8	44.0	76.0
85	9	43.0	77.0
85	10	72.0	48.0
85	11	60.0	60.0
85	12	59.0	61.0
85	13	88.0	32.0
85	14	65.0	55.0
85	15	61.0	59.0
85	16	68.0	52.0
85	17	84.0	36.0
85	18	61.0	59.0
85	19	55.0	65.0
85	20	51.0	69.0
85	21	55.0	65.0
85	22	80.0	40.0
85	23	52.0	68.0
85	24	72.0	48.0
85	25	62.0	58.0
85	26	49.0	71.0
85	27	83.0	37.0
85	28	54.0	66.0
85	29	41.0	79.0
85	30	53.0	67.0
85	31	86.0	34.0
85	32	36.0	84.0
85	33	84.0	36.0
85	34	83.0	37.0
85	35	73.0	47.0
85	36	58.0	62.0
85	37	89.0	31.0
85	38	41.0	79.0
85	39	83.0	37.0
85	40	69.0	51.0
85	41	75.0	45.0
85	42	50.0	70.0
85	43	69.0	51.0
85	44	72.0	48.0
85	45	73.0	47.0
85	46	26.0	94.0
85	47	47.0	73.0
85	48	81.0	39.0
85	49	61.0	59.0
85	50	91.0	29.0
85	51	69.0	51.0
85	52	43.0	77.0
85	53	68.0	52.0
85	54	69.0	51.0
85	55	38.0	82.0
85	56	70.0	50.0
85	57	60.0	60.0
85	58	54.0	66.0
85	59	59.0	61.0
85	60	36.0	84.0
85	61	81.0	39.0
85	62	53.0	67.0
85	63	64.0	56.0
85	64	46.0	74.0
85	65	48.0	72.0
85	66	50.0	70.0
85	67	73.0	47.0
85	68	68.0	52.0
85	69	80.0	40.0
85	70	41.0	79.0
85	71	65.0	55.0
85	72	75.0	45.0
85	73	39.0	81.0
85	74	59.0	61.0
85	75	77.0	43.0
85	76	79.0	41.0
85	77	43.0	77.0
85	78	51.0	69.0
85	79	55.0	65.0
85	80	63.0	57.0
85	81	58.0	62.0
85	82	64.0	56.0
85	83	88.0	32.0
85	84	64.0	56.0
86	1	75.0	45.0
86	2	44.0	76.0
86	3	62.0	58.0
86	4	95.0	25.0
86	5	29.0	91.0
86	6	50.0	70.0
86	7	31.0	89.0
86	8	78.0	42.0
86	9	77.0	43.0
86	10	50.0	70.0
86	11	58.0	62.0
86	12	47.0	73.0
86	13	44.0	76.0
86	14	19.0	101.0
86	15	31.0	89.0
86	16	26.0	94.0
86	17	32.0	88.0
86	18	39.0	81.0
86	19	77.0	43.0
86	20	89.0	31.0
86	21	89.0	31.0
86	22	32.0	88.0
86	23	86.0	34.0
86	24	42.0	78.0
86	25	46.0	74.0
86	26	61.0	59.0
86	27	27.0	93.0
86	28	78.0	42.0
86	29	105.0	15.0
86	30	93.0	27.0
86	31	56.0	64.0
86	32	86.0	34.0
86	33	22.0	98.0
86	34	27.0	93.0
86	35	43.0	77.0
86	36	60.0	60.0
86	37	39.0	81.0
86	38	91.0	29.0
86	39	37.0	83.0
86	40	27.0	93.0
86	41	33.0	87.0
86	42	70.0	50.0
86	43	51.0	69.0
86	44	32.0	88.0
86	45	39.0	81.0
86	46	88.0	32.0
86	47	81.0	39.0
86	48	21.0	99.0
86	49	47.0	73.0
86	50	33.0	87.0
86	51	59.0	61.0
86	52	89.0	31.0
86	53	46.0	74.0
86	54	31.0	89.0
86	55	76.0	44.0
86	56	66.0	54.0
86	57	72.0	48.0
86	58	66.0	54.0
86	59	99.0	21.0
86	60	74.0	46.0
86	61	53.0	67.0
86	62	93.0	27.0
86	63	36.0	84.0
86	64	68.0	52.0
86	65	86.0	34.0
86	66	96.0	24.0
86	67	91.0	29.0
86	68	40.0	80.0
86	69	24.0	96.0
86	70	95.0	25.0
86	71	43.0	77.0
86	72	31.0	89.0
86	73	95.0	25.0
86	74	49.0	71.0
86	75	25.0	95.0
86	76	37.0	83.0
86	77	93.0	27.0
86	78	61.0	59.0
86	79	67.0	53.0
86	80	45.0	75.0
86	81	80.0	40.0
86	82	42.0	78.0
86	83	32.0	88.0
86	84	60.0	60.0
86	85	46.0	74.0
87	1	67.0	53.0
87	2	46.0	74.0
87	3	56.0	64.0
87	4	101.0	19.0
87	5	23.0	97.0
87	6	48.0	72.0
87	7	23.0	97.0
87	8	68.0	52.0
87	9	85.0	35.0
87	10	50.0	70.0
87	11	56.0	64.0
87	12	43.0	77.0
87	13	24.0	96.0
87	14	29.0	91.0
87	15	35.0	85.0
87	16	36.0	84.0
87	17	26.0	94.0
87	18	39.0	81.0
87	19	85.0	35.0
87	20	81.0	39.0
87	21	87.0	33.0
87	22	32.0	88.0
87	23	90.0	30.0
87	24	34.0	86.0
87	25	48.0	72.0
87	26	63.0	57.0
87	27	25.0	95.0
87	28	82.0	38.0
87	29	101.0	19.0
87	30	99.0	21.0
87	31	56.0	64.0
87	32	92.0	28.0
87	33	22.0	98.0
87	34	21.0	99.0
87	35	35.0	85.0
87	36	68.0	52.0
87	37	37.0	83.0
87	38	91.0	29.0
87	39	37.0	83.0
87	40	27.0	93.0
87	41	27.0	93.0
87	42	68.0	52.0
87	43	51.0	69.0
87	44	28.0	92.0
87	45	35.0	85.0
87	46	96.0	24.0
87	47	83.0	37.0
87	48	23.0	97.0
87	49	39.0	81.0
87	50	27.0	93.0
87	51	57.0	63.0
87	52	91.0	29.0
87	53	36.0	84.0
87	54	35.0	85.0
87	55	80.0	40.0
87	56	70.0	50.0
87	57	60.0	60.0
87	58	60.0	60.0
87	59	97.0	23.0
87	60	76.0	44.0
87	61	53.0	67.0
87	62	91.0	29.0
87	63	38.0	82.0
87	64	76.0	44.0
87	65	78.0	42.0
87	66	102.0	18.0
87	67	81.0	39.0
87	68	34.0	86.0
87	69	28.0	92.0
87	70	105.0	15.0
87	71	55.0	65.0
87	72	29.0	91.0
87	73	109.0	11.0
87	74	49.0	71.0
87	75	17.0	103.0
87	76	37.0	83.0
87	77	99.0	21.0
87	78	71.0	49.0
87	79	79.0	41.0
87	80	53.0	67.0
87	81	74.0	46.0
87	82	36.0	84.0
87	83	20.0	100.0
87	84	58.0	62.0
87	85	42.0	78.0
87	86	96.0	24.0
88	1	48.0	72.0
88	2	71.0	49.0
88	3	57.0	63.0
88	4	32.0	88.0
88	5	92.0	28.0
88	6	87.0	33.0
88	7	94.0	26.0
88	8	39.0	81.0
88	9	36.0	84.0
88	10	77.0	43.0
88	11	63.0	57.0
88	12	64.0	56.0
88	13	89.0	31.0
88	14	82.0	38.0
88	15	82.0	38.0
88	16	81.0	39.0
88	17	97.0	23.0
88	18	72.0	48.0
88	19	44.0	76.0
88	20	36.0	84.0
88	21	30.0	90.0
88	22	101.0	19.0
88	23	41.0	79.0
88	24	75.0	45.0
88	25	77.0	43.0
88	26	54.0	66.0
88	27	100.0	20.0
88	28	45.0	75.0
88	29	26.0	94.0
88	30	38.0	82.0
88	31	71.0	49.0
88	32	29.0	91.0
88	33	101.0	19.0
88	34	96.0	24.0
88	35	82.0	38.0
88	36	65.0	55.0
88	37	86.0	34.0
88	38	34.0	86.0
88	39	88.0	32.0
88	40	88.0	32.0
88	41	94.0	26.0
88	42	43.0	77.0
88	43	70.0	50.0
88	44	85.0	35.0
88	45	76.0	44.0
88	46	29.0	91.0
88	47	34.0	86.0
88	48	102.0	18.0
88	49	74.0	46.0
88	50	90.0	30.0
88	51	62.0	58.0
88	52	38.0	82.0
88	53	75.0	45.0
88	54	84.0	36.0
88	55	43.0	77.0
88	56	59.0	61.0
88	57	49.0	71.0
88	58	55.0	65.0
88	59	36.0	84.0
88	60	39.0	81.0
88	61	72.0	48.0
88	62	32.0	88.0
88	63	79.0	41.0
88	64	47.0	73.0
88	65	31.0	89.0
88	66	31.0	89.0
88	67	46.0	74.0
88	68	73.0	47.0
88	69	95.0	25.0
88	70	28.0	92.0
88	71	80.0	40.0
88	72	86.0	34.0
88	73	30.0	90.0
88	74	74.0	46.0
88	75	92.0	28.0
88	76	84.0	36.0
88	77	32.0	88.0
88	78	54.0	66.0
88	79	52.0	68.0
88	80	78.0	42.0
88	81	51.0	69.0
88	82	77.0	43.0
88	83	91.0	29.0
88	84	69.0	51.0
88	85	91.0	29.0
88	86	31.0	89.0
88	87	31.0	89.0
89	1	42.0	78.0
89	2	61.0	59.0
89	3	59.0	61.0
89	4	48.0	72.0
89	5	80.0	40.0
89	6	83.0	37.0
89	7	82.0	38.0
89	8	55.0	65.0
89	9	32.0	88.0
89	10	51.0	69.0
89	11	65.0	55.0
89	12	66.0	54.0
89	13	83.0	37.0
89	14	74.0	46.0
89	15	68.0	52.0
89	16	83.0	37.0
89	17	91.0	29.0
89	18	72.0	48.0
89	19	48.0	72.0
89	20	46.0	74.0
89	21	48.0	72.0
89	22	83.0	37.0
89	23	39.0	81.0
89	24	79.0	41.0
89	25	53.0	67.0
89	26	34.0	86.0
89	27	86.0	34.0
89	28	39.0	81.0
89	29	42.0	78.0
89	30	56.0	64.0
89	31	69.0	51.0
89	32	27.0	93.0
89	33	83.0	37.0
89	34	94.0	26.0
89	35	74.0	46.0
89	36	47.0	73.0
89	37	88.0	32.0
89	38	48.0	72.0
89	39	98.0	22.0
89	40	86.0	34.0
89	41	78.0	42.0
89	42	61.0	59.0
89	43	60.0	60.0
89	44	89.0	31.0
89	45	74.0	46.0
89	46	37.0	83.0
89	47	40.0	80.0
89	48	82.0	38.0
89	49	80.0	40.0
89	50	82.0	38.0
89	51	62.0	58.0
89	52	44.0	76.0
89	53	93.0	27.0
89	54	86.0	34.0
89	55	49.0	71.0
89	56	51.0	69.0
89	57	51.0	69.0
89	58	51.0	69.0
89	59	52.0	68.0
89	60	57.0	63.0
89	61	62.0	58.0
89	62	54.0	66.0
89	63	83.0	37.0
89	64	45.0	75.0
89	65	45.0	75.0
89	66	49.0	71.0
89	67	58.0	62.0
89	68	73.0	47.0
89	69	93.0	27.0
89	70	40.0	80.0
89	71	60.0	60.0
89	72	92.0	28.0
89	73	36.0	84.0
89	74	58.0	62.0
89	75	94.0	26.0
89	76	104.0	16.0
89	77	46.0	74.0
89	78	40.0	80.0
89	79	60.0	60.0
89	80	62.0	58.0
89	81	43.0	77.0
89	82	63.0	57.0
89	83	83.0	37.0
89	84	51.0	69.0
89	85	87.0	33.0
89	86	41.0	79.0
89	87	41.0	79.0
89	88	84.0	36.0
90	1	59.0	61.0
90	2	88.0	32.0
90	3	70.0	50.0
90	4	23.0	97.0
90	5	97.0	23.0
90	6	66.0	54.0
90	7	93.0	27.0
90	8	60.0	60.0
90	9	47.0	73.0
90	10	86.0	34.0
90	11	50.0	70.0
90	12	83.0	37.0
90	13	86.0	34.0
90	14	89.0	31.0
90	15	99.0	21.0
90	16	80.0	40.0
90	17	82.0	38.0
90	18	85.0	35.0
90	19	45.0	75.0
90	20	35.0	85.0
90	21	25.0	95.0
90	22	90.0	30.0
90	23	38.0	82.0
90	24	92.0	28.0
90	25	88.0	32.0
90	26	63.0	57.0
90	27	95.0	25.0
90	28	52.0	68.0
90	29	19.0	101.0
90	30	25.0	95.0
90	31	72.0	48.0
90	32	40.0	80.0
90	33	100.0	20.0
90	34	87.0	33.0
90	35	91.0	29.0
90	36	52.0	68.0
90	37	79.0	41.0
90	38	19.0	101.0
90	39	73.0	47.0
90	40	85.0	35.0
90	41	109.0	11.0
90	42	52.0	68.0
90	43	83.0	37.0
90	44	78.0	42.0
90	45	95.0	25.0
90	46	28.0	92.0
90	47	49.0	71.0
90	48	95.0	25.0
90	49	65.0	55.0
90	50	91.0	29.0
90	51	79.0	41.0
90	52	33.0	87.0
90	53	68.0	52.0
90	54	81.0	39.0
90	55	32.0	88.0
90	56	68.0	52.0
90	57	58.0	62.0
90	58	64.0	56.0
90	59	23.0	97.0
90	60	34.0	86.0
90	61	75.0	45.0
90	62	17.0	103.0
90	63	72.0	48.0
90	64	60.0	60.0
90	65	46.0	74.0
90	66	18.0	102.0
90	67	31.0	89.0
90	68	86.0	34.0
90	69	82.0	38.0
90	70	23.0	97.0
90	71	63.0	57.0
90	72	79.0	41.0
90	73	29.0	91.0
90	74	91.0	29.0
90	75	89.0	31.0
90	76	73.0	47.0
90	77	37.0	83.0
90	78	57.0	63.0
90	79	45.0	75.0
90	80	69.0	51.0
90	81	54.0	66.0
90	82	92.0	28.0
90	83	90.0	30.0
90	84	80.0	40.0
90	85	72.0	48.0
90	86	24.0	96.0
90	87	24.0	96.0
90	88	95.0	25.0
90	89	71.0	49.0
91	1	77.0	43.0
91	2	74.0	46.0
91	3	72.0	48.0
91	4	77.0	43.0
91	5	61.0	59.0
91	6	42.0	78.0
91	7	47.0	73.0
91	8	100.0	20.0
91	9	67.0	53.0
91	10	58.0	62.0
91	11	52.0	68.0
91	12	71.0	49.0
91	13	56.0	64.0
91	14	45.0	75.0
91	15	69.0	51.0
91	16	54.0	66.0
91	17	42.0	78.0
91	18	69.0	51.0
91	19	71.0	49.0
91	20	83.0	37.0
91	21	75.0	45.0
91	22	40.0	80.0
91	23	68.0	52.0
91	24	72.0	48.0
91	25	62.0	58.0
91	26	75.0	45.0
91	27	45.0	75.0
91	28	68.0	52.0
91	29	71.0	49.0
91	30	75.0	45.0
91	31	70.0	50.0
91	32	82.0	38.0
91	33	52.0	68.0
91	34	51.0	69.0
91	35	63.0	57.0
91	36	40.0	80.0
91	37	57.0	63.0
91	38	65.0	55.0
91	39	53.0	67.0
91	40	55.0	65.0
91	41	59.0	61.0
91	42	98.0	22.0
91	43	75.0	45.0
91	44	54.0	66.0
91	45	65.0	55.0
91	46	68.0	52.0
91	47	81.0	39.0
91	48	45.0	75.0
91	49	55.0	65.0
91	50	55.0	65.0
91	51	77.0	43.0
91	52	65.0	55.0
91	53	52.0	68.0
91	54	61.0	59.0
91	55	50.0	70.0
91	56	78.0	42.0
91	57	62.0	58.0
91	58	90.0	30.0
91	59	73.0	47.0
91	60	56.0	64.0
91	61	53.0	67.0
91	62	71.0	49.0
91	63	58.0	62.0
91	64	64.0	56.0
91	65	88.0	32.0
91	66	72.0	48.0
91	67	63.0	57.0
91	68	76.0	44.0
91	69	42.0	78.0
91	70	65.0	55.0
91	71	39.0	81.0
91	72	47.0	73.0
91	73	67.0	53.0
91	74	61.0	59.0
91	75	53.0	67.0
91	76	53.0	67.0
91	77	75.0	45.0
91	78	53.0	67.0
91	79	55.0	65.0
91	80	37.0	83.0
91	81	72.0	48.0
91	82	64.0	56.0
91	83	52.0	68.0
91	84	62.0	58.0
91	85	44.0	76.0
91	86	72.0	48.0
91	87	70.0	50.0
91	88	41.0	79.0
91	89	57.0	63.0
91	90	58.0	62.0
92	1	71.0	49.0
92	2	72.0	48.0
92	3	60.0	60.0
92	4	75.0	45.0
92	5	49.0	71.0
92	6	50.0	70.0
92	7	47.0	73.0
92	8	72.0	48.0
92	9	105.0	15.0
92	10	78.0	42.0
92	11	34.0	86.0
92	12	59.0	61.0
92	13	38.0	82.0
92	14	37.0	83.0
92	15	53.0	67.0
92	16	28.0	92.0
92	17	28.0	92.0
92	18	49.0	71.0
92	19	89.0	31.0
92	20	79.0	41.0
92	21	73.0	47.0
92	22	42.0	78.0
92	23	86.0	34.0
92	24	54.0	66.0
92	25	78.0	42.0
92	26	87.0	33.0
92	27	43.0	77.0
92	28	104.0	16.0
92	29	75.0	45.0
92	30	75.0	45.0
92	31	62.0	58.0
92	32	96.0	24.0
92	33	48.0	72.0
92	34	21.0	99.0
92	35	55.0	65.0
92	36	64.0	56.0
92	37	45.0	75.0
92	38	61.0	59.0
92	39	29.0	91.0
92	40	31.0	89.0
92	41	53.0	67.0
92	42	60.0	60.0
92	43	77.0	43.0
92	44	14.0	106.0
92	45	61.0	59.0
92	46	72.0	48.0
92	47	97.0	23.0
92	48	39.0	81.0
92	49	17.0	103.0
92	50	57.0	63.0
92	51	81.0	39.0
92	52	73.0	47.0
92	53	22.0	98.0
92	54	31.0	89.0
92	55	56.0	64.0
92	56	82.0	38.0
92	57	82.0	38.0
92	58	64.0	56.0
92	59	79.0	41.0
92	60	50.0	70.0
92	61	75.0	45.0
92	62	65.0	55.0
92	63	22.0	98.0
92	64	90.0	30.0
92	65	80.0	40.0
92	66	70.0	50.0
92	67	77.0	43.0
92	68	42.0	78.0
92	69	24.0	96.0
92	70	87.0	33.0
92	71	51.0	69.0
92	72	15.0	105.0
92	73	93.0	27.0
92	74	75.0	45.0
92	75	27.0	93.0
92	76	25.0	95.0
92	77	83.0	37.0
92	78	77.0	43.0
92	79	73.0	47.0
92	80	47.0	73.0
92	81	90.0	30.0
92	82	64.0	56.0
92	83	44.0	76.0
92	84	86.0	34.0
92	85	52.0	68.0
92	86	82.0	38.0
92	87	86.0	34.0
92	88	43.0	77.0
92	89	33.0	87.0
92	90	52.0	68.0
92	91	68.0	52.0
93	1	74.0	46.0
93	2	57.0	63.0
93	3	63.0	57.0
93	4	88.0	32.0
93	5	32.0	88.0
93	6	41.0	79.0
93	7	24.0	96.0
93	8	81.0	39.0
93	9	88.0	32.0
93	10	57.0	63.0
93	11	47.0	73.0
93	12	54.0	66.0
93	13	33.0	87.0
93	14	40.0	80.0
93	15	50.0	70.0
93	16	39.0	81.0
93	17	19.0	101.0
93	18	48.0	72.0
93	19	86.0	34.0
93	20	84.0	36.0
93	21	80.0	40.0
93	22	27.0	93.0
93	23	87.0	33.0
93	24	47.0	73.0
93	25	61.0	59.0
93	26	78.0	42.0
93	27	22.0	98.0
93	28	89.0	31.0
93	29	88.0	32.0
93	30	82.0	38.0
93	31	53.0	67.0
93	32	109.0	11.0
93	33	29.0	91.0
93	34	22.0	98.0
93	35	46.0	74.0
93	36	57.0	63.0
93	37	36.0	84.0
93	38	80.0	40.0
93	39	26.0	94.0
93	40	34.0	86.0
93	41	38.0	82.0
93	42	77.0	43.0
93	43	62.0	58.0
93	44	25.0	95.0
93	45	46.0	74.0
93	46	89.0	31.0
93	47	92.0	28.0
93	48	28.0	92.0
93	49	38.0	82.0
93	50	34.0	86.0
93	51	70.0	50.0
93	52	88.0	32.0
93	53	29.0	91.0
93	54	42.0	78.0
93	55	73.0	47.0
93	56	75.0	45.0
93	57	69.0	51.0
93	58	65.0	55.0
93	59	80.0	40.0
93	60	73.0	47.0
93	61	56.0	64.0
93	62	80.0	40.0
93	63	37.0	83.0
93	64	87.0	33.0
93	65	87.0	33.0
93	66	83.0	37.0
93	67	66.0	54.0
93	68	55.0	65.0
93	69	19.0	101.0
93	70	90.0	30.0
93	71	48.0	72.0
93	72	18.0	102.0
93	73	96.0	24.0
93	74	64.0	56.0
93	75	24.0	96.0
93	76	30.0	90.0
93	77	88.0	32.0
93	78	74.0	46.0
93	79	68.0	52.0
93	80	50.0	70.0
93	81	77.0	43.0
93	82	55.0	65.0
93	83	27.0	93.0
93	84	65.0	55.0
93	85	35.0	85.0
93	86	89.0	31.0
93	87	93.0	27.0
93	88	30.0	90.0
93	89	28.0	92.0
93	90	41.0	79.0
93	91	83.0	37.0
93	92	89.0	31.0
94	1	58.0	62.0
94	2	81.0	39.0
94	3	73.0	47.0
94	4	18.0	102.0
94	5	92.0	28.0
94	6	73.0	47.0
94	7	98.0	22.0
94	8	57.0	63.0
94	9	52.0	68.0
94	10	85.0	35.0
94	11	51.0	69.0
94	12	76.0	44.0
94	13	83.0	37.0
94	14	92.0	28.0
94	15	96.0	24.0
94	16	77.0	43.0
94	17	81.0	39.0
94	18	88.0	32.0
94	19	52.0	68.0
94	20	36.0	84.0
94	21	22.0	98.0
94	22	95.0	25.0
94	23	33.0	87.0
94	24	93.0	27.0
94	25	91.0	29.0
94	26	64.0	56.0
94	27	98.0	22.0
94	28	57.0	63.0
94	29	18.0	102.0
94	30	30.0	90.0
94	31	65.0	55.0
94	32	41.0	79.0
94	33	103.0	17.0
94	34	86.0	34.0
94	35	92.0	28.0
94	36	53.0	67.0
94	37	76.0	44.0
94	38	20.0	100.0
94	39	72.0	48.0
94	40	90.0	30.0
94	41	104.0	16.0
94	42	51.0	69.0
94	43	82.0	38.0
94	44	75.0	45.0
94	45	90.0	30.0
94	46	31.0	89.0
94	47	54.0	66.0
94	48	98.0	22.0
94	49	66.0	54.0
94	50	94.0	26.0
94	51	76.0	44.0
94	52	36.0	84.0
94	53	71.0	49.0
94	54	86.0	34.0
94	55	35.0	85.0
94	56	63.0	57.0
94	57	63.0	57.0
94	58	61.0	59.0
94	59	20.0	100.0
94	60	35.0	85.0
94	61	74.0	46.0
94	62	18.0	102.0
94	63	75.0	45.0
94	64	63.0	57.0
94	65	45.0	75.0
94	66	13.0	107.0
94	67	30.0	90.0
94	68	83.0	37.0
94	69	85.0	35.0
94	70	32.0	88.0
94	71	68.0	52.0
94	72	76.0	44.0
94	73	32.0	88.0
94	74	92.0	28.0
94	75	94.0	26.0
94	76	76.0	44.0
94	77	32.0	88.0
94	78	58.0	62.0
94	79	56.0	64.0
94	80	72.0	48.0
94	81	51.0	69.0
94	82	93.0	27.0
94	83	87.0	33.0
94	84	81.0	39.0
94	85	69.0	51.0
94	86	27.0	93.0
94	87	25.0	95.0
94	88	90.0	30.0
94	89	76.0	44.0
94	90	105.0	15.0
94	91	55.0	65.0
94	92	51.0	69.0
94	93	40.0	80.0
95	1	74.0	46.0
95	2	77.0	43.0
95	3	75.0	45.0
95	4	66.0	54.0
95	5	70.0	50.0
95	6	45.0	75.0
95	7	58.0	62.0
95	8	97.0	23.0
95	9	66.0	54.0
95	10	63.0	57.0
95	11	45.0	75.0
95	12	82.0	38.0
95	13	65.0	55.0
95	14	50.0	70.0
95	15	66.0	54.0
95	16	53.0	67.0
95	17	49.0	71.0
95	18	70.0	50.0
95	19	66.0	54.0
95	20	78.0	42.0
95	21	72.0	48.0
95	22	43.0	77.0
95	23	61.0	59.0
95	24	81.0	39.0
95	25	65.0	55.0
95	26	70.0	50.0
95	27	54.0	66.0
95	28	63.0	57.0
95	29	62.0	58.0
95	30	60.0	60.0
95	31	77.0	43.0
95	32	73.0	47.0
95	33	59.0	61.0
95	34	54.0	66.0
95	35	70.0	50.0
95	36	31.0	89.0
95	37	62.0	58.0
95	38	52.0	68.0
95	39	52.0	68.0
95	40	56.0	64.0
95	41	70.0	50.0
95	42	85.0	35.0
95	43	78.0	42.0
95	44	55.0	65.0
95	45	78.0	42.0
95	46	55.0	65.0
95	47	76.0	44.0
95	48	50.0	70.0
95	49	54.0	66.0
95	50	66.0	54.0
95	51	78.0	42.0
95	52	54.0	66.0
95	53	53.0	67.0
95	54	60.0	60.0
95	55	43.0	77.0
95	56	81.0	39.0
95	57	71.0	49.0
95	58	79.0	41.0
95	59	70.0	50.0
95	60	49.0	71.0
95	61	56.0	64.0
95	62	62.0	58.0
95	63	55.0	65.0
95	64	55.0	65.0
95	65	83.0	37.0
95	66	61.0	59.0
95	67	64.0	56.0
95	68	75.0	45.0
95	69	43.0	77.0
95	70	56.0	64.0
95	71	28.0	92.0
95	72	50.0	70.0
95	73	60.0	60.0
95	74	60.0	60.0
95	75	58.0	62.0
95	76	54.0	66.0
95	77	70.0	50.0
95	78	48.0	72.0
95	79	46.0	74.0
95	80	30.0	90.0
95	81	69.0	51.0
95	82	73.0	47.0
95	83	63.0	57.0
95	84	61.0	59.0
95	85	57.0	63.0
95	86	69.0	51.0
95	87	59.0	61.0
95	88	48.0	72.0
95	89	64.0	56.0
95	90	65.0	55.0
95	91	95.0	25.0
95	92	69.0	51.0
95	93	72.0	48.0
95	94	58.0	62.0
96	1	50.0	70.0
96	2	87.0	33.0
96	3	59.0	61.0
96	4	28.0	92.0
96	5	100.0	20.0
96	6	73.0	47.0
96	7	98.0	22.0
96	8	45.0	75.0
96	9	42.0	78.0
96	10	81.0	39.0
96	11	49.0	71.0
96	12	74.0	46.0
96	13	83.0	37.0
96	14	86.0	34.0
96	15	90.0	30.0
96	16	83.0	37.0
96	17	87.0	33.0
96	18	74.0	46.0
96	19	48.0	72.0
96	20	44.0	76.0
96	21	32.0	88.0
96	22	97.0	23.0
96	23	47.0	73.0
96	24	81.0	39.0
96	25	83.0	37.0
96	26	64.0	56.0
96	27	102.0	18.0
96	28	51.0	69.0
96	29	24.0	96.0
96	30	32.0	88.0
96	31	77.0	43.0
96	32	39.0	81.0
96	33	103.0	17.0
96	34	88.0	32.0
96	35	92.0	28.0
96	36	59.0	61.0
96	37	84.0	36.0
96	38	26.0	94.0
96	39	80.0	40.0
96	40	82.0	38.0
96	41	96.0	24.0
96	42	47.0	73.0
96	43	82.0	38.0
96	44	77.0	43.0
96	45	84.0	36.0
96	46	25.0	95.0
96	47	44.0	76.0
96	48	98.0	22.0
96	49	66.0	54.0
96	50	100.0	20.0
96	51	76.0	44.0
96	52	38.0	82.0
96	53	69.0	51.0
96	54	76.0	44.0
96	55	35.0	85.0
96	56	71.0	49.0
96	57	61.0	59.0
96	58	61.0	59.0
96	59	30.0	90.0
96	60	33.0	87.0
96	61	80.0	40.0
96	62	24.0	96.0
96	63	69.0	51.0
96	64	53.0	67.0
96	65	41.0	79.0
96	66	29.0	91.0
96	67	44.0	76.0
96	68	79.0	41.0
96	69	83.0	37.0
96	70	28.0	92.0
96	71	68.0	52.0
96	72	78.0	42.0
96	73	30.0	90.0
96	74	84.0	36.0
96	75	88.0	32.0
96	76	78.0	42.0
96	77	32.0	88.0
96	78	58.0	62.0
96	79	54.0	66.0
96	80	70.0	50.0
96	81	55.0	65.0
96	82	85.0	35.0
96	83	97.0	23.0
96	84	75.0	45.0
96	85	85.0	35.0
96	86	25.0	95.0
96	87	27.0	93.0
96	88	102.0	18.0
96	89	76.0	44.0
96	90	101.0	19.0
96	91	51.0	69.0
96	92	49.0	71.0
96	93	36.0	84.0
96	94	94.0	26.0
96	95	52.0	68.0
97	1	54.0	66.0
97	2	77.0	43.0
97	3	61.0	59.0
97	4	32.0	88.0
97	5	98.0	22.0
97	6	83.0	37.0
97	7	96.0	24.0
97	8	49.0	71.0
97	9	34.0	86.0
97	10	79.0	41.0
97	11	61.0	59.0
97	12	68.0	52.0
97	13	95.0	25.0
97	14	84.0	36.0
97	15	84.0	36.0
97	16	85.0	35.0
97	17	95.0	25.0
97	18	78.0	42.0
97	19	46.0	74.0
97	20	40.0	80.0
97	21	34.0	86.0
97	22	95.0	25.0
97	23	41.0	79.0
97	24	83.0	37.0
97	25	73.0	47.0
97	26	56.0	64.0
97	27	104.0	16.0
97	28	45.0	75.0
97	29	26.0	94.0
97	30	36.0	84.0
97	31	75.0	45.0
97	32	27.0	93.0
97	33	99.0	21.0
97	34	96.0	24.0
97	35	86.0	34.0
97	36	57.0	63.0
97	37	92.0	28.0
97	38	28.0	92.0
97	39	86.0	34.0
97	40	86.0	34.0
97	41	96.0	24.0
97	42	53.0	67.0
97	43	74.0	46.0
97	44	87.0	33.0
97	45	84.0	36.0
97	46	27.0	93.0
97	47	38.0	82.0
97	48	98.0	22.0
97	49	72.0	48.0
97	50	96.0	24.0
97	51	68.0	52.0
97	52	30.0	90.0
97	53	79.0	41.0
97	54	84.0	36.0
97	55	37.0	83.0
97	56	63.0	57.0
97	57	49.0	71.0
97	58	65.0	55.0
97	59	36.0	84.0
97	60	35.0	85.0
97	61	74.0	46.0
97	62	32.0	88.0
97	63	79.0	41.0
97	64	45.0	75.0
97	65	35.0	85.0
97	66	33.0	87.0
97	67	50.0	70.0
97	68	77.0	43.0
97	69	93.0	27.0
97	70	26.0	94.0
97	71	78.0	42.0
97	72	90.0	30.0
97	73	26.0	94.0
97	74	72.0	48.0
97	75	94.0	26.0
97	76	82.0	38.0
97	77	38.0	82.0
97	78	54.0	66.0
97	79	52.0	68.0
97	80	76.0	44.0
97	81	55.0	65.0
97	82	79.0	41.0
97	83	95.0	25.0
97	84	69.0	51.0
97	85	91.0	29.0
97	86	31.0	89.0
97	87	31.0	89.0
97	88	104.0	16.0
97	89	86.0	34.0
97	90	95.0	25.0
97	91	51.0	69.0
97	92	41.0	79.0
97	93	28.0	92.0
97	94	90.0	30.0
97	95	54.0	66.0
97	96	102.0	18.0
98	1	52.0	68.0
98	2	81.0	39.0
98	3	63.0	57.0
98	4	18.0	102.0
98	5	98.0	22.0
98	6	75.0	45.0
98	7	98.0	22.0
98	8	47.0	73.0
98	9	40.0	80.0
98	10	79.0	41.0
98	11	59.0	61.0
98	12	74.0	46.0
98	13	87.0	33.0
98	14	96.0	24.0
98	15	90.0	30.0
98	16	87.0	33.0
98	17	93.0	27.0
98	18	80.0	40.0
98	19	42.0	78.0
98	20	30.0	90.0
98	21	24.0	96.0
98	22	95.0	25.0
98	23	35.0	85.0
98	24	83.0	37.0
98	25	81.0	39.0
98	26	60.0	60.0
98	27	102.0	18.0
98	28	47.0	73.0
98	29	10.0	110.0
98	30	26.0	94.0
98	31	71.0	49.0
98	32	33.0	87.0
98	33	107.0	13.0
98	34	96.0	24.0
98	35	84.0	36.0
98	36	59.0	61.0
98	37	84.0	36.0
98	38	24.0	96.0
98	39	82.0	38.0
98	40	96.0	24.0
98	41	100.0	20.0
98	42	45.0	75.0
98	43	76.0	44.0
98	44	87.0	33.0
98	45	88.0	32.0
98	46	23.0	97.0
98	47	44.0	76.0
98	48	108.0	12.0
98	49	72.0	48.0
98	50	94.0	26.0
98	51	70.0	50.0
98	52	32.0	88.0
98	53	77.0	43.0
98	54	92.0	28.0
98	55	37.0	83.0
98	56	61.0	59.0
98	57	57.0	63.0
98	58	59.0	61.0
98	59	24.0	96.0
98	60	37.0	83.0
98	61	72.0	48.0
98	62	24.0	96.0
98	63	83.0	37.0
98	64	51.0	69.0
98	65	35.0	85.0
98	66	19.0	101.0
98	67	40.0	80.0
98	68	85.0	35.0
98	69	97.0	23.0
98	70	20.0	100.0
98	71	72.0	48.0
98	72	86.0	34.0
98	73	22.0	98.0
98	74	76.0	44.0
98	75	98.0	22.0
98	76	80.0	40.0
98	77	24.0	96.0
98	78	56.0	64.0
98	79	54.0	66.0
98	80	72.0	48.0
98	81	49.0	71.0
98	82	83.0	37.0
98	83	99.0	21.0
98	84	69.0	51.0
98	85	81.0	39.0
98	86	17.0	103.0
98	87	19.0	101.0
98	88	100.0	20.0
98	89	80.0	40.0
98	90	101.0	19.0
98	91	49.0	71.0
98	92	43.0	77.0
98	93	32.0	88.0
98	94	102.0	18.0
98	95	56.0	64.0
98	96	100.0	20.0
98	97	100.0	20.0
99	1	88.0	32.0
99	2	65.0	55.0
99	3	67.0	53.0
99	4	92.0	28.0
99	5	46.0	74.0
99	6	41.0	79.0
99	7	44.0	76.0
99	8	85.0	35.0
99	9	80.0	40.0
99	10	61.0	59.0
99	11	41.0	79.0
99	12	66.0	54.0
99	13	47.0	73.0
99	14	28.0	92.0
99	15	42.0	78.0
99	16	33.0	87.0
99	17	29.0	91.0
99	18	50.0	70.0
99	19	76.0	44.0
99	20	96.0	24.0
99	21	92.0	28.0
99	22	31.0	89.0
99	23	91.0	29.0
99	24	53.0	67.0
99	25	55.0	65.0
99	26	70.0	50.0
99	27	40.0	80.0
99	28	83.0	37.0
99	29	92.0	28.0
99	30	80.0	40.0
99	31	67.0	53.0
99	32	85.0	35.0
99	33	35.0	85.0
99	34	28.0	92.0
99	35	58.0	62.0
99	36	47.0	73.0
99	37	44.0	76.0
99	38	72.0	48.0
99	39	34.0	86.0
99	40	32.0	88.0
99	41	42.0	78.0
99	42	75.0	45.0
99	43	64.0	56.0
99	44	31.0	89.0
99	45	58.0	62.0
99	46	75.0	45.0
99	47	90.0	30.0
99	48	24.0	96.0
99	49	40.0	80.0
99	50	50.0	70.0
99	51	72.0	48.0
99	52	78.0	42.0
99	53	45.0	75.0
99	54	32.0	88.0
99	55	59.0	61.0
99	56	79.0	41.0
99	57	77.0	43.0
99	58	67.0	53.0
99	59	96.0	24.0
99	60	61.0	59.0
99	61	62.0	58.0
99	62	82.0	38.0
99	63	31.0	89.0
99	64	75.0	45.0
99	65	93.0	27.0
99	66	87.0	33.0
99	67	86.0	34.0
99	68	43.0	77.0
99	69	23.0	97.0
99	70	88.0	32.0
99	71	34.0	86.0
99	72	28.0	92.0
99	73	86.0	34.0
99	74	56.0	64.0
99	75	30.0	90.0
99	76	36.0	84.0
99	77	90.0	30.0
99	78	70.0	50.0
99	79	64.0	56.0
99	80	28.0	92.0
99	81	87.0	33.0
99	82	55.0	65.0
99	83	45.0	75.0
99	84	63.0	57.0
99	85	49.0	71.0
99	86	97.0	23.0
99	87	85.0	35.0
99	88	32.0	88.0
99	89	42.0	78.0
99	90	37.0	83.0
99	91	77.0	43.0
99	92	85.0	35.0
99	93	86.0	34.0
99	94	34.0	86.0
99	95	78.0	42.0
99	96	40.0	80.0
99	97	40.0	80.0
99	98	32.0	88.0
100	1	66.0	54.0
100	2	51.0	69.0
100	3	65.0	55.0
100	4	74.0	46.0
100	5	30.0	90.0
100	6	51.0	69.0
100	7	36.0	84.0
100	8	71.0	49.0
100	9	90.0	30.0
100	10	63.0	57.0
100	11	59.0	61.0
100	12	54.0	66.0
100	13	29.0	91.0
100	14	52.0	68.0
100	15	60.0	60.0
100	16	47.0	73.0
100	17	29.0	91.0
100	18	62.0	58.0
100	19	74.0	46.0
100	20	70.0	50.0
100	21	58.0	62.0
100	22	49.0	71.0
100	23	75.0	45.0
100	24	45.0	75.0
100	25	67.0	53.0
100	26	78.0	42.0
100	27	38.0	82.0
100	28	83.0	37.0
100	29	78.0	42.0
100	30	72.0	48.0
100	31	33.0	87.0
100	32	87.0	33.0
100	33	39.0	81.0
100	34	34.0	86.0
100	35	46.0	74.0
100	36	69.0	51.0
100	37	28.0	92.0
100	38	78.0	42.0
100	39	34.0	86.0
100	40	50.0	70.0
100	41	48.0	72.0
100	42	67.0	53.0
100	43	54.0	66.0
100	44	41.0	79.0
100	45	40.0	80.0
100	46	97.0	23.0
100	47	82.0	38.0
100	48	44.0	76.0
100	49	50.0	70.0
100	50	34.0	86.0
100	51	60.0	60.0
100	52	82.0	38.0
100	53	43.0	77.0
100	54	44.0	76.0
100	55	79.0	41.0
100	56	57.0	63.0
100	57	59.0	61.0
100	58	67.0	53.0
100	59	64.0	56.0
100	60	73.0	47.0
100	61	52.0	68.0
100	62	66.0	54.0
100	63	51.0	69.0
100	64	83.0	37.0
100	65	71.0	49.0
100	66	71.0	49.0
100	67	52.0	68.0
100	68	49.0	71.0
100	69	35.0	85.0
100	70	84.0	36.0
100	71	68.0	52.0
100	72	36.0	84.0
100	73	88.0	32.0
100	74	68.0	52.0
100	75	38.0	82.0
100	76	34.0	86.0
100	77	82.0	38.0
100	78	82.0	38.0
100	79	76.0	44.0
100	80	66.0	54.0
100	81	71.0	49.0
100	82	55.0	65.0
100	83	25.0	95.0
100	84	71.0	49.0
100	85	25.0	95.0
100	86	79.0	41.0
100	87	85.0	35.0
100	88	40.0	80.0
100	89	32.0	88.0
100	90	49.0	71.0
100	91	73.0	47.0
100	92	81.0	39.0
100	93	90.0	30.0
100	94	52.0	68.0
100	95	54.0	66.0
100	96	42.0	78.0
100	97	40.0	80.0
100	98	40.0	80.0
100	99	72.0	48.0
101	1	45.0	75.0
101	2	60.0	60.0
101	3	58.0	62.0
101	4	33.0	87.0
101	5	85.0	35.0
101	6	84.0	36.0
101	7	93.0	27.0
101	8	42.0	78.0
101	9	23.0	97.0
101	10	56.0	64.0
101	11	78.0	42.0
101	12	69.0	51.0
101	13	92.0	28.0
101	14	87.0	33.0
101	15	71.0	49.0
101	16	90.0	30.0
101	17	108.0	12.0
101	18	71.0	49.0
101	19	33.0	87.0
101	20	35.0	85.0
101	21	39.0	81.0
101	22	92.0	28.0
101	23	34.0	86.0
101	24	72.0	48.0
101	25	54.0	66.0
101	26	39.0	81.0
101	27	97.0	23.0
101	28	26.0	94.0
101	29	29.0	91.0
101	30	39.0	81.0
101	31	66.0	54.0
101	32	8.0	112.0
101	33	88.0	32.0
101	34	109.0	11.0
101	35	73.0	47.0
101	36	58.0	62.0
101	37	87.0	33.0
101	38	43.0	77.0
101	39	99.0	21.0
101	40	93.0	27.0
101	41	79.0	41.0
101	42	52.0	68.0
101	43	53.0	67.0
101	44	102.0	18.0
101	45	71.0	49.0
101	46	34.0	86.0
101	47	23.0	97.0
101	48	93.0	27.0
101	49	93.0	27.0
101	50	81.0	39.0
101	51	47.0	73.0
101	52	37.0	83.0
101	53	100.0	20.0
101	54	91.0	29.0
101	55	52.0	68.0
101	56	42.0	78.0
101	57	46.0	74.0
101	58	56.0	64.0
101	59	39.0	81.0
101	60	54.0	66.0
101	61	63.0	57.0
101	62	47.0	73.0
101	63	92.0	28.0
101	64	32.0	88.0
101	65	34.0	86.0
101	66	38.0	82.0
101	67	51.0	69.0
101	68	76.0	44.0
101	69	108.0	12.0
101	70	23.0	97.0
101	71	75.0	45.0
101	72	111.0	9.0
101	73	19.0	101.0
101	74	57.0	63.0
101	75	103.0	17.0
101	76	99.0	21.0
101	77	33.0	87.0
101	78	47.0	73.0
101	79	51.0	69.0
101	80	73.0	47.0
101	81	36.0	84.0
101	82	62.0	58.0
101	83	94.0	26.0
101	84	50.0	70.0
101	85	84.0	36.0
101	86	30.0	90.0
101	87	24.0	96.0
101	88	91.0	29.0
101	89	95.0	25.0
101	90	80.0	40.0
101	91	44.0	76.0
101	92	22.0	98.0
101	93	15.0	105.0
101	94	81.0	39.0
101	95	49.0	71.0
101	96	83.0	37.0
101	97	93.0	27.0
101	98	91.0	29.0
101	99	31.0	89.0
101	100	31.0	89.0
102	1	46.0	74.0
102	2	63.0	57.0
102	3	55.0	65.0
102	4	32.0	88.0
102	5	84.0	36.0
102	6	79.0	41.0
102	7	90.0	30.0
102	8	43.0	77.0
102	9	22.0	98.0
102	10	57.0	63.0
102	11	77.0	43.0
102	12	62.0	58.0
102	13	95.0	25.0
102	14	84.0	36.0
102	15	76.0	44.0
102	16	87.0	33.0
102	17	109.0	11.0
102	18	70.0	50.0
102	19	32.0	88.0
102	20	36.0	84.0
102	21	34.0	86.0
102	22	91.0	29.0
102	23	35.0	85.0
102	24	71.0	49.0
102	25	57.0	63.0
102	26	42.0	78.0
102	27	96.0	24.0
102	28	27.0	93.0
102	29	34.0	86.0
102	30	38.0	82.0
102	31	69.0	51.0
102	32	23.0	97.0
102	33	85.0	35.0
102	34	104.0	16.0
102	35	76.0	44.0
102	36	63.0	57.0
102	37	90.0	30.0
102	38	46.0	74.0
102	39	98.0	22.0
102	40	90.0	30.0
102	41	84.0	36.0
102	42	47.0	73.0
102	43	54.0	66.0
102	44	101.0	19.0
102	45	74.0	46.0
102	46	33.0	87.0
102	47	24.0	96.0
102	48	96.0	24.0
102	49	88.0	32.0
102	50	80.0	40.0
102	51	54.0	66.0
102	52	36.0	84.0
102	53	93.0	27.0
102	54	90.0	30.0
102	55	53.0	67.0
102	56	49.0	71.0
102	57	47.0	73.0
102	58	63.0	57.0
102	59	32.0	88.0
102	60	55.0	65.0
102	61	66.0	54.0
102	62	44.0	76.0
102	63	91.0	29.0
102	64	33.0	87.0
102	65	29.0	91.0
102	66	39.0	81.0
102	67	50.0	70.0
102	68	81.0	39.0
102	69	99.0	21.0
102	70	22.0	98.0
102	71	74.0	46.0
102	72	104.0	16.0
102	73	18.0	102.0
102	74	58.0	62.0
102	75	98.0	22.0
102	76	92.0	28.0
102	77	28.0	92.0
102	78	44.0	76.0
102	79	46.0	74.0
102	80	78.0	42.0
102	81	45.0	75.0
102	82	67.0	53.0
102	83	95.0	25.0
102	84	51.0	69.0
102	85	83.0	37.0
102	86	37.0	83.0
102	87	23.0	97.0
102	88	96.0	24.0
102	89	84.0	36.0
102	90	85.0	35.0
102	91	47.0	73.0
102	92	27.0	93.0
102	93	24.0	96.0
102	94	80.0	40.0
102	95	52.0	68.0
102	96	90.0	30.0
102	97	98.0	22.0
102	98	92.0	28.0
102	99	32.0	88.0
102	100	34.0	86.0
102	101	101.0	19.0
103	1	51.0	69.0
103	2	66.0	54.0
103	3	42.0	78.0
103	4	53.0	67.0
103	5	61.0	59.0
103	6	66.0	54.0
103	7	57.0	63.0
103	8	44.0	76.0
103	9	73.0	47.0
103	10	80.0	40.0
103	11	60.0	60.0
103	12	55.0	65.0
103	13	52.0	68.0
103	14	63.0	57.0
103	15	71.0	49.0
103	16	54.0	66.0
103	17	58.0	62.0
103	18	51.0	69.0
103	19	71.0	49.0
103	20	61.0	59.0
103	21	49.0	71.0
103	22	68.0	52.0
103	23	66.0	54.0
103	24	50.0	70.0
103	25	80.0	40.0
103	26	81.0	39.0
103	27	61.0	59.0
103	28	78.0	42.0
103	29	59.0	61.0
103	30	61.0	59.0
103	31	58.0	62.0
103	32	74.0	46.0
103	33	64.0	56.0
103	34	57.0	63.0
103	35	55.0	65.0
103	36	88.0	32.0
103	37	55.0	65.0
103	38	61.0	59.0
103	39	57.0	63.0
103	40	55.0	65.0
103	41	59.0	61.0
103	42	58.0	62.0
103	43	69.0	51.0
103	44	54.0	66.0
103	45	51.0	69.0
103	46	66.0	54.0
103	47	71.0	49.0
103	48	69.0	51.0
103	49	41.0	79.0
103	50	59.0	61.0
103	51	65.0	55.0
103	52	63.0	57.0
103	53	36.0	84.0
103	54	57.0	63.0
103	55	58.0	62.0
103	56	64.0	56.0
103	57	52.0	68.0
103	58	72.0	48.0
103	59	55.0	65.0
103	60	56.0	64.0
103	61	63.0	57.0
103	62	51.0	69.0
103	63	52.0	68.0
103	64	68.0	52.0
103	65	42.0	78.0
103	66	58.0	62.0
103	67	61.0	59.0
103	68	58.0	62.0
103	69	58.0	62.0
103	70	65.0	55.0
103	71	81.0	39.0
103	72	51.0	69.0
103	73	69.0	51.0
103	74	69.0	51.0
103	75	53.0	67.0
103	76	47.0	73.0
103	77	55.0	65.0
103	78	73.0	47.0
103	79	71.0	49.0
103	80	77.0	43.0
103	81	76.0	44.0
103	82	64.0	56.0
103	83	58.0	62.0
103	84	76.0	44.0
103	85	56.0	64.0
103	86	56.0	64.0
103	87	64.0	56.0
103	88	69.0	51.0
103	89	43.0	77.0
103	90	64.0	56.0
103	91	62.0	58.0
103	92	76.0	44.0
103	93	65.0	55.0
103	94	63.0	57.0
103	95	53.0	67.0
103	96	67.0	53.0
103	97	65.0	55.0
103	98	69.0	51.0
103	99	53.0	67.0
103	100	77.0	43.0
103	101	50.0	70.0
103	102	59.0	61.0
104	1	41.0	79.0
104	2	36.0	84.0
104	3	48.0	72.0
104	4	63.0	57.0
104	5	39.0	81.0
104	6	72.0	48.0
104	7	49.0	71.0
104	8	40.0	80.0
104	9	65.0	55.0
104	10	56.0	64.0
104	11	82.0	38.0
104	12	43.0	77.0
104	13	50.0	70.0
104	14	61.0	59.0
104	15	47.0	73.0
104	16	54.0	66.0
104	17	64.0	56.0
104	18	45.0	75.0
104	19	63.0	57.0
104	20	53.0	67.0
104	21	57.0	63.0
104	22	62.0	58.0
104	23	58.0	62.0
104	24	34.0	86.0
104	25	54.0	66.0
104	26	53.0	67.0
104	27	53.0	67.0
104	28	64.0	56.0
104	29	67.0	53.0
104	30	69.0	51.0
104	31	40.0	80.0
104	32	60.0	60.0
104	33	48.0	72.0
104	34	61.0	59.0
104	35	41.0	79.0
104	36	90.0	30.0
104	37	49.0	71.0
104	38	75.0	45.0
104	39	65.0	55.0
104	40	59.0	61.0
104	41	43.0	77.0
104	42	50.0	70.0
104	43	45.0	75.0
104	44	60.0	60.0
104	45	33.0	87.0
104	46	72.0	48.0
104	47	57.0	63.0
104	48	59.0	61.0
104	49	59.0	61.0
104	50	41.0	79.0
104	51	43.0	77.0
104	52	71.0	49.0
104	53	56.0	64.0
104	54	57.0	63.0
104	55	84.0	36.0
104	56	46.0	74.0
104	57	40.0	80.0
104	58	50.0	70.0
104	59	65.0	55.0
104	60	80.0	40.0
104	61	55.0	65.0
104	62	65.0	55.0
104	63	62.0	58.0
104	64	60.0	60.0
104	65	42.0	78.0
104	66	66.0	54.0
104	67	63.0	57.0
104	68	46.0	74.0
104	69	66.0	54.0
104	70	71.0	49.0
104	71	89.0	31.0
104	72	63.0	57.0
104	73	69.0	51.0
104	74	51.0	69.0
104	75	57.0	63.0
104	76	59.0	61.0
104	77	63.0	57.0
104	78	67.0	53.0
104	79	75.0	45.0
104	80	79.0	41.0
104	81	64.0	56.0
104	82	46.0	74.0
104	83	44.0	76.0
104	84	58.0	62.0
104	85	52.0	68.0
104	86	64.0	56.0
104	87	66.0	54.0
104	88	61.0	59.0
104	89	57.0	63.0
104	90	48.0	72.0
104	91	44.0	76.0
104	92	60.0	60.0
104	93	59.0	61.0
104	94	55.0	65.0
104	95	39.0	81.0
104	96	47.0	73.0
104	97	55.0	65.0
104	98	55.0	65.0
104	99	49.0	71.0
104	100	71.0	49.0
104	101	58.0	62.0
104	102	61.0	59.0
104	103	80.0	40.0
105	1	55.0	65.0
105	2	78.0	42.0
105	3	52.0	68.0
105	4	51.0	69.0
105	5	71.0	49.0
105	6	76.0	44.0
105	7	73.0	47.0
105	8	44.0	76.0
105	9	71.0	49.0
105	10	86.0	34.0
105	11	44.0	76.0
105	12	61.0	59.0
105	13	60.0	60.0
105	14	67.0	53.0
105	15	67.0	53.0
105	16	58.0	62.0
105	17	62.0	58.0
105	18	61.0	59.0
105	19	73.0	47.0
105	20	55.0	65.0
105	21	49.0	71.0
105	22	74.0	46.0
105	23	64.0	56.0
105	24	64.0	56.0
105	25	88.0	32.0
105	26	73.0	47.0
105	27	71.0	49.0
105	28	78.0	42.0
105	29	45.0	75.0
105	30	55.0	65.0
105	31	64.0	56.0
105	32	62.0	58.0
105	33	78.0	42.0
105	34	57.0	63.0
105	35	75.0	45.0
105	36	76.0	44.0
105	37	69.0	51.0
105	38	41.0	79.0
105	39	61.0	59.0
105	40	59.0	61.0
105	41	71.0	49.0
105	42	42.0	78.0
105	43	79.0	41.0
105	44	48.0	72.0
105	45	71.0	49.0
105	46	48.0	72.0
105	47	69.0	51.0
105	48	73.0	47.0
105	49	39.0	81.0
105	50	79.0	41.0
105	51	77.0	43.0
105	52	59.0	61.0
105	53	52.0	68.0
105	54	61.0	59.0
105	55	44.0	76.0
105	56	64.0	56.0
105	57	70.0	50.0
105	58	50.0	70.0
105	59	55.0	65.0
105	60	42.0	78.0
105	61	83.0	37.0
105	62	43.0	77.0
105	63	46.0	74.0
105	64	80.0	40.0
105	65	46.0	74.0
105	66	50.0	70.0
105	67	65.0	55.0
105	68	54.0	66.0
105	69	64.0	56.0
105	70	63.0	57.0
105	71	75.0	45.0
105	72	51.0	69.0
105	73	63.0	57.0
105	74	83.0	37.0
105	75	59.0	61.0
105	76	59.0	61.0
105	77	45.0	75.0
105	78	71.0	49.0
105	79	79.0	41.0
105	80	69.0	51.0
105	81	70.0	50.0
105	82	80.0	40.0
105	83	72.0	48.0
105	84	86.0	34.0
105	85	74.0	46.0
105	86	48.0	72.0
105	87	56.0	64.0
105	88	73.0	47.0
105	89	63.0	57.0
105	90	72.0	48.0
105	91	44.0	76.0
105	92	78.0	42.0
105	93	57.0	63.0
105	94	77.0	43.0
105	95	51.0	69.0
105	96	75.0	45.0
105	97	71.0	49.0
105	98	77.0	43.0
105	99	55.0	65.0
105	100	55.0	65.0
105	101	58.0	62.0
105	102	61.0	59.0
105	103	74.0	46.0
105	104	60.0	60.0
106	1	69.0	51.0
106	2	38.0	82.0
106	3	56.0	64.0
106	4	97.0	23.0
106	5	25.0	95.0
106	6	42.0	78.0
106	7	23.0	97.0
106	8	70.0	50.0
106	9	73.0	47.0
106	10	44.0	76.0
106	11	70.0	50.0
106	12	47.0	73.0
106	13	40.0	80.0
106	14	33.0	87.0
106	15	31.0	89.0
106	16	36.0	84.0
106	17	36.0	84.0
106	18	41.0	79.0
106	19	69.0	51.0
106	20	81.0	39.0
106	21	87.0	33.0
106	22	28.0	92.0
106	23	82.0	38.0
106	24	34.0	86.0
106	25	42.0	78.0
106	26	61.0	59.0
106	27	23.0	97.0
106	28	72.0	48.0
106	29	99.0	21.0
106	30	89.0	31.0
106	31	52.0	68.0
106	32	86.0	34.0
106	33	16.0	104.0
106	34	33.0	87.0
106	35	33.0	87.0
106	36	66.0	54.0
106	37	35.0	85.0
106	38	93.0	27.0
106	39	41.0	79.0
106	40	33.0	87.0
106	41	29.0	91.0
106	42	76.0	44.0
106	43	45.0	75.0
106	44	46.0	74.0
106	45	31.0	89.0
106	46	90.0	30.0
106	47	75.0	45.0
106	48	25.0	95.0
106	49	53.0	67.0
106	50	23.0	97.0
106	51	51.0	69.0
106	52	81.0	39.0
106	53	44.0	76.0
106	54	35.0	85.0
106	55	84.0	36.0
106	56	60.0	60.0
106	57	60.0	60.0
106	58	70.0	50.0
106	59	95.0	25.0
106	60	80.0	40.0
106	61	45.0	75.0
106	62	93.0	27.0
106	63	48.0	72.0
106	64	64.0	56.0
106	65	80.0	40.0
106	66	100.0	20.0
106	67	77.0	43.0
106	68	44.0	76.0
106	69	32.0	88.0
106	70	87.0	33.0
106	71	53.0	67.0
106	72	41.0	79.0
106	73	91.0	29.0
106	74	41.0	79.0
106	75	29.0	91.0
106	76	37.0	83.0
106	77	89.0	31.0
106	78	67.0	53.0
106	79	61.0	59.0
106	80	51.0	69.0
106	81	68.0	52.0
106	82	34.0	86.0
106	83	24.0	96.0
106	84	50.0	70.0
106	85	44.0	76.0
106	86	98.0	22.0
106	87	92.0	28.0
106	88	29.0	91.0
106	89	39.0	81.0
106	90	26.0	94.0
106	91	74.0	46.0
106	92	70.0	50.0
106	93	89.0	31.0
106	94	23.0	97.0
106	95	67.0	53.0
106	96	25.0	95.0
106	97	33.0	87.0
106	98	23.0	97.0
106	99	85.0	35.0
106	100	81.0	39.0
106	101	34.0	86.0
106	102	39.0	81.0
106	103	58.0	62.0
106	104	70.0	50.0
106	105	40.0	80.0
