subjectHits	Occurance
1683	15
403	12
10134	11
41349	11
32741	11
35032	10
11574	9
342	9
10699	9
37180	9
27740	9
36330	9
3857	9
36329	8
22072	8
39010	8
24287	8
27986	8
10560	8
31811	8
478	7
34591	7
40263	7
439	7
6683	7
19418	7
6932	7
35487	7
25546	7
20622	6
38683	6
32928	6
42202	6
10321	6
7509	6
25172	6
10277	6
36977	6
3768	6
28793	6
31396	6
32360	6
38580	6
20261	6
9827	6
13597	5
15695	5
7624	5
5467	5
37688	5
41348	5
35887	5
8454	5
32450	5
38082	5
3333	5
35269	5
33480	5
9979	5
24915	5
27408	5
20012	5
32974	5
22699	5
37069	5
7436	5
20400	5
15693	5
28896	5
30555	5
20699	5
36679	5
39054	5
2261	5
32396	5
5578	5
38331	5
8011	5
32535	5
34634	5
27779	5
20743	5
11444	5
703	5
9546	5
18092	5
36627	5
11658	5
8248	5
30416	5
4501	4
19044	4
35728	4
7459	4
37951	4
20868	4
533	4
25482	4
7964	4
32448	4
16367	4
25438	4
38381	4
17532	4
30650	4
18937	4
20226	4
32953	4
15039	4
27390	4
35844	4
32107	4
32617	4
7661	4
31943	4
7752	4
28014	4
28485	4
3732	4
16798	4
28988	4
29310	4
40357	4
27450	4
9801	4
2107	4
23519	4
26105	4
37639	4
14966	4
14895	4
12157	4
38341	4
4177	4
19420	4
3625	4
38955	4
28895	4
36528	4
32290	4
9661	4
16605	4
40097	4
37717	4
36852	4
19839	4
11866	4
30385	4
39560	4
10945	4
34590	4
10864	4
33024	4
27887	4
30056	4
15061	4
32579	4
4095	4
11524	4
10466	4
38674	4
22513	4
25318	4
32799	4
12084	4
34927	4
19719	4
40755	4
1983	4
32287	4
10282	4
30955	4
34404	4
16982	4
37376	4
24907	4
24113	4
25197	4
21538	4
15195	4
4412	3
3599	3
977	3
20825	3
41706	3
12727	3
987	3
24481	3
31500	3
709	3
9807	3
12785	3
31451	3
1139	3
41524	3
17533	3
7553	3
40428	3
12536	3
23723	3
39179	3
29194	3
32512	3
13807	3
34663	3
39089	3
3211	3
39847	3
15672	3
18090	3
19563	3
4241	3
30880	3
23211	3
1632	3
12731	3
41489	3
238	3
12918	3
32824	3
8467	3
7555	3
230	3
22743	3
24668	3
38175	3
9636	3
27014	3
17775	3
35477	3
19842	3
11174	3
15381	3
20354	3
13299	3
38979	3
32952	3
20302	3
5448	3
13998	3
37513	3
4302	3
26407	3
39770	3
6696	3
2878	3
32419	3
24374	3
14368	3
2856	3
2520	3
38572	3
31434	3
26433	3
40671	3
38380	3
1723	3
8410	3
6956	3
25562	3
28312	3
27318	3
13022	3
9941	3
31287	3
9913	3
1959	3
16996	3
1969	3
38655	3
8257	3
11460	3
15737	3
32777	3
19002	3
12539	3
8097	3
15598	3
6091	3
34858	3
18778	3
31228	3
8334	3
27947	3
35498	3
24201	3
16364	3
32161	3
16365	3
20540	3
1887	3
6831	3
15117	3
28094	3
15550	3
14632	3
5580	3
32157	3
36722	3
29167	3
7907	3
29366	3
10327	3
37212	3
2980	3
9371	3
18999	3
20665	3
7491	3
24286	3
11924	3
16041	3
38445	3
10985	3
21284	3
21363	3
6247	3
19012	3
12891	3
469	3
42088	3
41346	3
7973	3
18372	3
1999	3
16610	3
29276	3
21448	3
34773	3
10979	3
18441	3
6947	3
32636	3
18986	3
15817	3
26070	3
12920	3
26374	3
40834	3
33006	3
4324	3
38680	3
9042	3
10917	3
25654	3
24163	3
30306	3
6327	3
22070	3
30850	3
10954	3
19817	3
39292	3
7716	3
19269	3
12282	3
25347	3
37085	3
13082	3
6835	3
37217	3
14976	3
21463	3
391	3
8249	3
30050	2
2527	2
13534	2
4529	2
41093	2
16704	2
32106	2
2132	2
36016	2
11301	2
31126	2
24527	2
30234	2
24714	2
12117	2
8104	2
7304	2
15388	2
213	2
32399	2
7719	2
30640	2
29977	2
15472	2
9662	2
16332	2
19008	2
33881	2
41916	2
11666	2
9023	2
14918	2
36190	2
4098	2
22982	2
8213	2
10331	2
38014	2
4181	2
12175	2
21738	2
6081	2
39324	2
19949	2
33046	2
39444	2
10211	2
27634	2
16270	2
36349	2
33144	2
30602	2
32288	2
32213	2
40047	2
33279	2
1879	2
12784	2
27394	2
28400	2
30724	2
7215	2
24587	2
40754	2
7218	2
15241	2
38245	2
20124	2
37008	2
39605	2
35191	2
36111	2
42038	2
14123	2
40458	2
13621	2
11884	2
16602	2
20295	2
30051	2
15496	2
35486	2
28581	2
15702	2
35338	2
34522	2
21894	2
5894	2
15086	2
20624	2
7484	2
18871	2
34588	2
15506	2
9543	2
5028	2
38742	2
372	2
27916	2
31319	2
26428	2
3545	2
23623	2
26780	2
38815	2
41193	2
12159	2
6253	2
40658	2
9600	2
5037	2
13322	2
32852	2
4499	2
39791	2
40270	2
33242	2
17487	2
6306	2
8555	2
27481	2
16848	2
4115	2
39742	2
36535	2
36969	2
7713	2
20664	2
2321	2
20975	2
38154	2
19108	2
28934	2
7402	2
5340	2
28776	2
33118	2
41731	2
1918	2
32342	2
20069	2
274	2
13486	2
22546	2
30418	2
37997	2
11300	2
4820	2
22946	2
23284	2
25861	2
15016	2
12670	2
20410	2
32976	2
2821	2
32191	2
11228	2
28733	2
5870	2
11356	2
2425	2
33073	2
30488	2
16366	2
38365	2
20955	2
27757	2
36797	2
40826	2
15762	2
10266	2
17939	2
14454	2
3492	2
39221	2
5571	2
10534	2
9791	2
31364	2
22461	2
10787	2
19545	2
40347	2
30223	2
39472	2
3328	2
20680	2
35862	2
11525	2
36256	2
40825	2
9125	2
34745	2
18560	2
14478	2
22644	2
14218	2
13888	2
1177	2
33937	2
261	2
33611	2
18553	2
20722	2
41619	2
29320	2
36910	2
9997	2
41161	2
30131	2
22371	2
10076	2
1725	2
22832	2
17632	2
24803	2
13281	2
28541	2
653	2
30646	2
11987	2
32891	2
6011	2
37841	2
5208	2
40980	2
22092	2
33317	2
13711	2
39846	2
40328	2
17813	2
38535	2
38183	2
7426	2
1530	2
761	2
13084	2
4655	2
26370	2
26409	2
39758	2
11067	2
22395	2
10498	2
14870	2
11366	2
3877	2
22722	2
33194	2
5512	2
4756	2
30026	2
31161	2
30121	2
16576	2
19137	2
21175	2
23854	2
6775	2
37336	2
34445	2
34587	2
3842	2
22361	2
5480	2
37927	2
19958	2
33916	2
28582	2
27928	2
18042	2
1772	2
10755	2
11585	2
41790	2
8084	2
20006	2
14262	2
33339	2
5956	2
7679	2
24905	2
12295	2
19898	2
6542	2
1430	2
38794	2
32785	2
7351	2
1882	2
18856	2
26250	2
10103	2
1089	2
32616	2
13366	2
38824	2
23073	2
11564	2
30711	2
14055	2
900	2
5398	2
4221	2
1166	2
35813	2
25984	2
31160	2
8137	2
36174	2
2201	2
15089	2
1736	2
11443	2
31418	2
36706	2
6914	2
13014	2
6731	2
27604	2
39280	2
41821	2
11538	2
36601	2
24821	2
23737	2
20824	2
39521	2
28785	2
14562	2
37355	2
23976	2
25739	2
10157	2
11888	2
32827	2
41741	2
12739	2
395	2
18413	2
20200	2
17814	2
11360	2
41052	2
20461	2
20296	2
32533	2
40138	2
42043	2
19555	2
9208	2
19280	2
13169	2
11378	2
21076	2
11283	2
13608	2
30106	2
6190	2
34834	2
24866	2
8885	2
32084	2
4317	2
12098	2
10935	2
16069	2
27917	2
21199	2
18057	2
35576	2
36414	2
24001	2
15201	2
20933	2
35415	2
30591	2
22573	2
18877	2
7892	2
11177	2
34641	2
17559	2
26421	2
4316	2
5091	2
38583	2
34016	2
7535	2
9223	2
28202	2
12337	2
34439	2
2271	2
10425	2
24983	2
17065	2
16563	2
29081	2
21137	2
18288	2
34952	2
39985	2
26940	2
17289	2
2718	2
34768	2
28958	2
21316	2
36320	2
23179	2
5214	2
10165	2
15287	2
8921	2
2895	2
4711	2
15960	2
38827	2
17811	2
11015	2
5643	2
16309	2
33613	2
9484	2
24789	2
4450	2
22228	2
23793	2
10456	2
34143	2
33093	2
23910	2
16137	2
15009	2
39866	2
1005	2
3139	2
12451	2
15463	2
40400	2
33310	2
22020	2
29953	2
1557	2
26673	2
10543	2
30038	2
6940	2
39085	2
24428	2
28457	2
41716	2
10764	2
34859	2
16075	2
25323	2
29223	2
39984	2
18722	2
32989	2
38161	2
18835	2
16049	2
15517	2
22123	2
7425	2
16562	2
747	2
40079	2
10928	2
36546	2
30158	2
9124	2
37959	2
13414	2
35939	2
6641	2
18093	2
6721	2
5106	2
24158	2
35388	2
28324	2
6941	2
17777	2
41523	2
666	2
24680	2
40860	2
29228	2
23572	2
34077	2
16672	2
26207	2
30059	2
1567	2
40565	2
12603	2
6758	2
7350	2
39778	2
6909	2
1638	2
18440	2
4478	2
31816	2
8585	2
4848	2
2736	2
10212	2
7792	2
5066	1
2948	1
31876	1
18091	1
30190	1
18828	1
1071	1
14244	1
1080	1
668	1
442	1
19933	1
11042	1
10662	1
41812	1
23265	1
15376	1
35901	1
18936	1
8177	1
38863	1
41582	1
24606	1
41544	1
24908	1
34835	1
29978	1
4397	1
519	1
17839	1
38073	1
36715	1
25934	1
2212	1
4401	1
9031	1
4477	1
30321	1
30182	1
38775	1
32645	1
22106	1
27937	1
12439	1
39477	1
14528	1
10230	1
31116	1
37484	1
39745	1
9587	1
41495	1
36451	1
30657	1
10112	1
31603	1
10390	1
20966	1
13705	1
14023	1
9796	1
17082	1
21016	1
1149	1
25320	1
25379	1
12445	1
4242	1
32925	1
41982	1
4182	1
11732	1
9629	1
26456	1
3686	1
24114	1
35398	1
34032	1
28897	1
36435	1
24705	1
6685	1
10942	1
13870	1
19336	1
25743	1
6933	1
8676	1
16693	1
26126	1
31246	1
20846	1
24910	1
5633	1
26390	1
33411	1
32929	1
38220	1
23909	1
20781	1
13588	1
20749	1
8728	1
37268	1
28440	1
37645	1
17152	1
22313	1
25761	1
19408	1
32901	1
40231	1
12284	1
7481	1
2355	1
41270	1
23819	1
40697	1
20407	1
29001	1
37135	1
3835	1
29304	1
30267	1
38958	1
6123	1
14871	1
24214	1
37307	1
25424	1
6510	1
26941	1
37154	1
38579	1
5723	1
25986	1
34705	1
26980	1
11112	1
31060	1
15557	1
42090	1
5125	1
4721	1
7456	1
106	1
5183	1
4368	1
21285	1
3852	1
12207	1
7720	1
35469	1
40614	1
31557	1
24887	1
21450	1
4948	1
3487	1
19891	1
1349	1
18072	1
39478	1
12498	1
22508	1
5968	1
20013	1
35101	1
37689	1
6541	1
37705	1
4649	1
26434	1
33089	1
29762	1
7643	1
3375	1
35894	1
12150	1
40619	1
11019	1
12504	1
18109	1
36702	1
8460	1
18979	1
31150	1
40295	1
12344	1
3829	1
12680	1
25681	1
23253	1
10757	1
34910	1
42163	1
29546	1
4680	1
33712	1
28756	1
18567	1
26173	1
25333	1
32199	1
29761	1
35989	1
31172	1
22489	1
31638	1
30745	1
23780	1
11986	1
20122	1
38791	1
15682	1
30691	1
33959	1
40157	1
18700	1
6056	1
6634	1
41065	1
18366	1
15885	1
41154	1
1818	1
9548	1
21310	1
18759	1
31302	1
36652	1
23999	1
1372	1
37801	1
16850	1
22394	1
15794	1
26394	1
29382	1
39480	1
25229	1
30217	1
32160	1
3182	1
12810	1
10018	1
38254	1
4629	1
36385	1
21397	1
13611	1
21394	1
9700	1
2782	1
30983	1
10490	1
26773	1
18051	1
37910	1
26416	1
39722	1
10773	1
29421	1
11657	1
7378	1
37113	1
40360	1
35870	1
35689	1
33025	1
20862	1
9632	1
38338	1
16396	1
41358	1
9141	1
3485	1
31570	1
38798	1
41254	1
20123	1
15726	1
6548	1
2335	1
7161	1
3391	1
29744	1
25571	1
16369	1
4976	1
41920	1
27956	1
12655	1
6513	1
40512	1
40456	1
4160	1
41223	1
40141	1
14149	1
25572	1
12308	1
36323	1
14590	1
4449	1
9865	1
3024	1
21512	1
24057	1
7993	1
4011	1
8684	1
40873	1
1787	1
9081	1
3352	1
12721	1
38689	1
34824	1
6155	1
18450	1
20146	1
11868	1
4895	1
30236	1
16812	1
38121	1
20136	1
28077	1
2454	1
30506	1
948	1
22093	1
9912	1
11399	1
27039	1
9631	1
8340	1
18980	1
26738	1
19838	1
33776	1
32270	1
40563	1
11567	1
4549	1
5531	1
40392	1
28369	1
33726	1
24008	1
11532	1
19715	1
21194	1
33068	1
35385	1
35152	1
33341	1
4361	1
12174	1
25715	1
25913	1
13836	1
37533	1
27219	1
37125	1
29703	1
6781	1
32759	1
3290	1
12406	1
5877	1
26948	1
11173	1
6090	1
11463	1
16368	1
30753	1
20166	1
21631	1
32150	1
20220	1
36293	1
21510	1
28056	1
37676	1
2131	1
7235	1
12416	1
15462	1
30952	1
25007	1
27092	1
6871	1
3822	1
20531	1
37200	1
2740	1
10618	1
10469	1
2583	1
6811	1
36541	1
33065	1
3550	1
26371	1
30571	1
14375	1
28998	1
38802	1
16163	1
1278	1
1765	1
11496	1
29294	1
27685	1
19736	1
28336	1
7629	1
22002	1
12947	1
1514	1
16927	1
4804	1
38891	1
3164	1
1546	1
39393	1
35476	1
16037	1
1784	1
15638	1
1676	1
22882	1
15516	1
30249	1
3031	1
22340	1
18326	1
28784	1
10295	1
33198	1
7207	1
12160	1
2552	1
11745	1
8627	1
12723	1
9990	1
17081	1
14893	1
9096	1
13184	1
20239	1
18694	1
31445	1
3409	1
236	1
38132	1
10856	1
16469	1
36671	1
28842	1
4220	1
8407	1
30525	1
36754	1
36004	1
5284	1
32637	1
7995	1
35671	1
33205	1
26545	1
36163	1
11275	1
32475	1
19461	1
11527	1
31095	1
32367	1
755	1
12503	1
17699	1
32686	1
6650	1
3498	1
25581	1
19330	1
17156	1
24465	1
26048	1
26536	1
22815	1
23515	1
27849	1
17846	1
29870	1
37167	1
773	1
2309	1
6458	1
14017	1
30625	1
16156	1
3740	1
576	1
40230	1
32124	1
33202	1
16219	1
25165	1
640	1
15365	1
37115	1
10359	1
37275	1
23715	1
15579	1
1268	1
9368	1
12425	1
41333	1
725	1
986	1
38884	1
11614	1
16146	1
24816	1
10387	1
8456	1
25937	1
39301	1
18002	1
41225	1
433	1
29255	1
13912	1
3586	1
28385	1
4995	1
8515	1
31636	1
36423	1
7911	1
34060	1
13313	1
5277	1
27331	1
5001	1
23684	1
11631	1
30661	1
3479	1
38769	1
25445	1
15774	1
24373	1
19338	1
39766	1
20125	1
29277	1
19491	1
2806	1
37342	1
36225	1
13379	1
10687	1
20243	1
39583	1
28434	1
41005	1
37672	1
30134	1
27784	1
20597	1
22762	1
4564	1
40651	1
3480	1
5098	1
40488	1
9802	1
30374	1
28540	1
10086	1
4411	1
18592	1
39131	1
37353	1
29061	1
16468	1
36139	1
9780	1
15464	1
9234	1
11566	1
36309	1
24107	1
9909	1
18104	1
25000	1
33000	1
28362	1
28741	1
14479	1
18065	1
33598	1
34174	1
23241	1
14855	1
2778	1
14072	1
26078	1
18934	1
5130	1
1729	1
9782	1
41901	1
2572	1
35168	1
21546	1
12804	1
26981	1
1362	1
10043	1
32212	1
12732	1
21643	1
19464	1
25500	1
26772	1
35810	1
7539	1
12683	1
16603	1
35062	1
29078	1
40444	1
34799	1
20023	1
11484	1
36636	1
41682	1
27400	1
29104	1
9113	1
39612	1
32767	1
34585	1
3727	1
4303	1
31055	1
22362	1
10707	1
13567	1
38584	1
14830	1
9751	1
37478	1
8918	1
20060	1
36703	1
8897	1
22217	1
39298	1
33617	1
9996	1
39399	1
30566	1
41851	1
20655	1
5318	1
17244	1
24712	1
5896	1
3497	1
8737	1
19589	1
4357	1
39987	1
23697	1
18319	1
37105	1
9332	1
39323	1
41684	1
2745	1
6369	1
41764	1
12618	1
25459	1
16721	1
3079	1
14086	1
38524	1
6073	1
6818	1
11919	1
7452	1
16082	1
37104	1
31456	1
25077	1
15000	1
16842	1
29133	1
9724	1
29416	1
40631	1
29272	1
30231	1
38814	1
32391	1
28156	1
16753	1
11357	1
14211	1
18061	1
4628	1
7850	1
22347	1
6570	1
9305	1
34195	1
22548	1
15704	1
4009	1
41428	1
41484	1
37058	1
25752	1
11669	1
9701	1
6066	1
5821	1
37632	1
10563	1
11624	1
10741	1
32850	1
25506	1
31195	1
12483	1
19550	1
4885	1
12028	1
1459	1
24434	1
42084	1
41426	1
7615	1
21714	1
19431	1
30366	1
16000	1
20485	1
2341	1
1628	1
18067	1
16660	1
25437	1
20653	1
41301	1
31030	1
31288	1
415	1
4039	1
13094	1
23513	1
25983	1
8060	1
9670	1
13514	1
19110	1
14811	1
3717	1
14095	1
35569	1
8115	1
35755	1
35439	1
26828	1
35489	1
26892	1
30686	1
2743	1
40375	1
34757	1
35103	1
2601	1
19472	1
27109	1
17516	1
29589	1
4490	1
41433	1
26000	1
19748	1
20131	1
4261	1
38225	1
18821	1
7383	1
28495	1
13983	1
13076	1
33142	1
25593	1
38649	1
12615	1
28055	1
3143	1
35532	1
6962	1
11142	1
5967	1
22481	1
36210	1
26930	1
35425	1
33394	1
34303	1
26109	1
2148	1
30124	1
31481	1
38848	1
29476	1
1289	1
22360	1
5920	1
14399	1
12963	1
24030	1
41836	1
9313	1
32949	1
17592	1
22011	1
836	1
22295	1
1744	1
26943	1
4696	1
40218	1
36172	1
4124	1
18427	1
13647	1
5070	1
28981	1
30172	1
40527	1
13157	1
32152	1
24657	1
8947	1
24148	1
33954	1
41097	1
2263	1
15001	1
29054	1
6404	1
14532	1
32345	1
12081	1
21288	1
41953	1
4801	1
12749	1
6663	1
14672	1
3071	1
20744	1
17682	1
39456	1
28486	1
9625	1
9288	1
23287	1
17394	1
4454	1
4386	1
25147	1
13566	1
17486	1
20977	1
41998	1
10447	1
9070	1
33856	1
2108	1
40427	1
1674	1
33385	1
29338	1
40635	1
12094	1
35555	1
24127	1
28187	1
19702	1
7934	1
36973	1
22845	1
21296	1
9059	1
20976	1
12429	1
37385	1
36536	1
17062	1
37462	1
28720	1
42164	1
42035	1
29610	1
30382	1
644	1
5915	1
32764	1
2813	1
31756	1
39133	1
41316	1
28166	1
37029	1
6422	1
19650	1
7556	1
14505	1
34225	1
28112	1
28364	1
4479	1
24444	1
21146	1
2431	1
20366	1
38182	1
28712	1
4738	1
36284	1
36050	1
31898	1
39300	1
10967	1
19308	1
21677	1
24888	1
26945	1
17864	1
6281	1
42072	1
1728	1
18820	1
7287	1
15734	1
42187	1
6850	1
16596	1
5019	1
21297	1
22955	1
18140	1
40505	1
29465	1
37072	1
41347	1
14527	1
38974	1
18896	1
40339	1
29343	1
33051	1
9639	1
39013	1
36558	1
5268	1
39299	1
32197	1
3588	1
40121	1
10310	1
39650	1
31969	1
3987	1
12249	1
34687	1
34066	1
2565	1
17132	1
12208	1
7405	1
19939	1
13871	1
20783	1
19700	1
1002	1
3580	1
39109	1
20883	1
25486	1
3579	1
10427	1
42027	1
11814	1
4937	1
22372	1
31280	1
443	1
9103	1
10005	1
13576	1
31267	1
21795	1
19219	1
30500	1
41041	1
37836	1
37174	1
37148	1
7200	1
302	1
40863	1
29595	1
16681	1
8557	1
10747	1
24205	1
31080	1
8009	1
32407	1
40901	1
260	1
20202	1
7111	1
11322	1
27183	1
40983	1
39642	1
2716	1
9731	1
16261	1
32433	1
22021	1
40048	1
18889	1
11433	1
7301	1
24033	1
29528	1
26073	1
41794	1
34840	1
2777	1
35527	1
27011	1
15110	1
22316	1
34454	1
2505	1
30981	1
22663	1
14915	1
41425	1
9650	1
40609	1
8121	1
15282	1
4193	1
23853	1
20429	1
37755	1
27322	1
34866	1
24629	1
11836	1
34861	1
11161	1
29491	1
8765	1
38020	1
5862	1
12608	1
23649	1
20566	1
7796	1
34050	1
12780	1
5043	1
15995	1
40854	1
31181	1
16654	1
4208	1
39481	1
11740	1
31113	1
36271	1
42029	1
8466	1
26261	1
19840	1
323	1
12161	1
8761	1
6024	1
14741	1
40054	1
11267	1
28173	1
10688	1
38098	1
22392	1
10936	1
1630	1
20414	1
39557	1
37514	1
32522	1
16928	1
9775	1
38514	1
20169	1
40975	1
32275	1
3568	1
16749	1
40908	1
4187	1
27414	1
6527	1
10288	1
42091	1
28665	1
14769	1
21303	1
15285	1
35563	1
10128	1
23915	1
20984	1
10523	1
41166	1
22336	1
14928	1
24232	1
949	1
24456	1
12423	1
11775	1
26535	1
20527	1
1360	1
3844	1
32893	1
39666	1
32836	1
7285	1
36188	1
6004	1
15528	1
20246	1
252	1
13823	1
4667	1
4453	1
25649	1
13638	1
1811	1
37168	1
16668	1
32559	1
30441	1
36983	1
27761	1
36432	1
32188	1
16317	1
31226	1
11810	1
10675	1
16116	1
3624	1
25747	1
34946	1
26521	1
10030	1
1296	1
9921	1
32710	1
26161	1
31227	1
24418	1
31806	1
15625	1
22457	1
8768	1
28181	1
5939	1
9540	1
30425	1
11410	1
33458	1
9473	1
12814	1
27688	1
39153	1
3451	1
40090	1
1996	1
5434	1
29503	1
8671	1
40380	1
17946	1
2415	1
29667	1
41331	1
15974	1
36927	1
35694	1
11812	1
10517	1
25471	1
39746	1
24744	1
29537	1
24065	1
5516	1
5375	1
19527	1
34755	1
20972	1
7970	1
32853	1
11917	1
36729	1
22007	1
40018	1
42014	1
38510	1
6571	1
39353	1
16494	1
8923	1
40099	1
14320	1
22670	1
19540	1
25758	1
32183	1
2460	1
32339	1
33270	1
10796	1
5932	1
33281	1
39966	1
35416	1
28693	1
423	1
28568	1
9720	1
16595	1
35936	1
21168	1
7004	1
8330	1
23802	1
34125	1
31135	1
39948	1
35882	1
18862	1
11141	1
37311	1
4518	1
22296	1
16471	1
36955	1
12168	1
20070	1
26373	1
34444	1
13795	1
10069	1
3911	1
7984	1
31582	1
2313	1
21155	1
9598	1
13476	1
30821	1
33344	1
27642	1
37003	1
28086	1
41101	1
39700	1
11371	1
7276	1
10019	1
40372	1
12994	1
18339	1
3810	1
36534	1
37333	1
15404	1
1143	1
19738	1
35299	1
4606	1
9620	1
40393	1
20833	1
24085	1
19419	1
39757	1
4816	1
18625	1
17488	1
19406	1
7910	1
2325	1
13220	1
25836	1
32996	1
16277	1
17154	1
22723	1
35207	1
36325	1
12724	1
13933	1
41008	1
35966	1
12446	1
41607	1
40810	1
28280	1
37300	1
28653	1
18794	1
9370	1
34686	1
28908	1
15632	1
4015	1
10758	1
10104	1
41872	1
6400	1
37101	1
23848	1
6728	1
1203	1
38799	1
15646	1
759	1
20767	1
27594	1
40175	1
11459	1
42064	1
27404	1
12957	1
233	1
29490	1
33899	1
15592	1
1926	1
15877	1
11863	1
22026	1
18880	1
41796	1
40179	1
26029	1
16741	1
36947	1
5984	1
36952	1
20278	1
35381	1
9799	1
26658	1
7906	1
12866	1
20844	1
29850	1
33200	1
28963	1
18414	1
4875	1
39813	1
36962	1
11942	1
25610	1
13261	1
147	1
8458	1
19475	1
35795	1
2994	1
1988	1
39872	1
32108	1
41150	1
23727	1
6263	1
4704	1
41553	1
14240	1
24765	1
30510	1
39004	1
41766	1
23677	1
493	1
37409	1
10330	1
29150	1
17138	1
23382	1
37644	1
16244	1
23808	1
22872	1
24728	1
23650	1
29479	1
23726	1
11800	1
31084	1
28465	1
16835	1
13102	1
37368	1
16337	1
3780	1
11715	1
25112	1
10130	1
17163	1
27210	1
27471	1
5881	1
24058	1
39237	1
18596	1
18841	1
2256	1
9338	1
4950	1
31836	1
3767	1
41049	1
29438	1
23221	1
29023	1
41283	1
14249	1
37630	1
20373	1
492	1
38652	1
39329	1
23794	1
20766	1
41739	1
31469	1
32916	1
36405	1
704	1
36173	1
16405	1
471	1
19574	1
35698	1
1792	1
2674	1
10265	1
15719	1
1416	1
4636	1
20321	1
27710	1
25694	1
2647	1
6511	1
31948	1
35607	1
31654	1
2477	1
21234	1
38422	1
30284	1
22285	1
9316	1
25337	1
33265	1
28523	1
41685	1
6611	1
30175	1
36683	1
41786	1
39516	1
34804	1
12394	1
5381	1
29681	1
19785	1
23413	1
28690	1
19539	1
18433	1
40944	1
1007	1
8930	1
28731	1
14106	1
40494	1
32638	1
41955	1
29955	1
18581	1
37270	1
25993	1
12958	1
2683	1
33915	1
18396	1
10575	1
22954	1
12488	1
10540	1
11990	1
24300	1
29971	1
27991	1
38186	1
2521	1
22017	1
15524	1
7523	1
29563	1
4755	1
15961	1
856	1
33092	1
6903	1
3639	1
8721	1
41280	1
14903	1
25992	1
38228	1
32162	1
14208	1
3581	1
10572	1
24349	1
32169	1
40174	1
40315	1
23507	1
8565	1
37607	1
21134	1
9479	1
39799	1
32744	1
7884	1
28994	1
42036	1
42153	1
31294	1
40824	1
28054	1
39682	1
3779	1
19855	1
2526	1
27806	1
8441	1
14905	1
26785	1
32008	1
206	1
31318	1
11187	1
13263	1
2257	1
6785	1
22566	1
23053	1
11308	1
13574	1
18572	1
9784	1
2225	1
5783	1
18262	1
23959	1
19556	1
20867	1
26784	1
32096	1
886	1
10436	1
37479	1
26256	1
6495	1
12333	1
27612	1
12649	1
19025	1
15838	1
363	1
41552	1
18943	1
17753	1
32074	1
412	1
2681	1
4894	1
38058	1
6981	1
37086	1
26162	1
7957	1
38455	1
31245	1
14216	1
11902	1
12661	1
41059	1
23764	1
37444	1
40168	1
35158	1
40888	1
34781	1
30107	1
3607	1
12303	1
29414	1
12378	1
14696	1
10975	1
34216	1
1483	1
33100	1
14506	1
40574	1
32390	1
2274	1
2898	1
5683	1
21921	1
1640	1
11452	1
1004	1
40049	1
21461	1
1694	1
15739	1
15611	1
20751	1
10259	1
28462	1
35730	1
19248	1
32189	1
174	1
28789	1
28684	1
42006	1
33471	1
29898	1
24867	1
3319	1
4926	1
24054	1
6806	1
28809	1
23926	1
40482	1
14408	1
22379	1
841	1
36887	1
10039	1
38188	1
11176	1
14941	1
28898	1
12726	1
1391	1
41742	1
7233	1
35816	1
20418	1
1482	1
22027	1
4993	1
4850	1
19795	1
27894	1
41781	1
37516	1
38601	1
6137	1
37429	1
16352	1
20058	1
13585	1
11905	1
16476	1
5654	1
29569	1
6849	1
22058	1
40446	1
1402	1
10665	1
31922	1
29644	1
7533	1
13993	1
4660	1
14564	1
13992	1
1718	1
40889	1
21667	1
5079	1
31961	1
27334	1
32221	1
15200	1
4780	1
31577	1
6637	1
28111	1
19566	1
15491	1
18275	1
27866	1
20965	1
29337	1
35340	1
266	1
22913	1
6374	1
12639	1
1104	1
25787	1
37794	1
8385	1
29440	1
39999	1
3652	1
24763	1
30436	1
29940	1
11857	1
39210	1
30393	1
36322	1
39433	1
25882	1
1373	1
13973	1
2792	1
32032	1
12491	1
28119	1
36811	1
262	1
4867	1
2950	1
14890	1
6202	1
19224	1
31722	1
6520	1
22137	1
33738	1
20170	1
404	1
15785	1
8502	1
24459	1
22450	1
30045	1
27739	1
41915	1
18569	1
8422	1
32254	1
30567	1
30431	1
30336	1
5372	1
34220	1
38477	1
14145	1
5364	1
14819	1
34172	1
40308	1
10931	1
1220	1
36829	1
18518	1
6463	1
31997	1
4771	1
30907	1
3383	1
39864	1
10041	1
35712	1
2664	1
2588	1
2078	1
26760	1
5186	1
40700	1
38488	1
17721	1
24598	1
37864	1
30778	1
34554	1
15728	1
5735	1
10489	1
39850	1
12837	1
21173	1
30814	1
39681	1
9601	1
35904	1
37441	1
30517	1
26120	1
4034	1
41691	1
3552	1
5541	1
1131	1
38311	1
11511	1
22810	1
19644	1
14813	1
37753	1
4094	1
32918	1
8508	1
19226	1
27958	1
22739	1
710	1
26401	1
24715	1
15033	1
7552	1
28384	1
40407	1
28810	1
23142	1
17014	1
1704	1
1251	1
11279	1
23833	1
27984	1
35220	1
9942	1
4772	1
9704	1
35497	1
38564	1
39423	1
37358	1
15005	1
39788	1
5646	1
40334	1
4779	1
5697	1
36760	1
6106	1
8753	1
29387	1
36049	1
12981	1
15474	1
41032	1
15095	1
11894	1
12093	1
29567	1
25597	1
35603	1
4131	1
41092	1
18957	1
30891	1
30337	1
17078	1
32997	1
37310	1
37243	1
7026	1
19585	1
41937	1
22574	1
21642	1
33174	1
9709	1
11352	1
3661	1
19063	1
28057	1
24872	1
18663	1
31831	1
2976	1
2305	1
19694	1
40150	1
37423	1
5794	1
41191	1
40585	1
37171	1
30580	1
26510	1
40386	1
38370	1
30633	1
17848	1
9489	1
28443	1
12686	1
10426	1
20521	1
29763	1
14992	1
9681	1
24259	1
42085	1
7411	1
5710	1
20325	1
32990	1
7656	1
6449	1
10058	1
28436	1
24361	1
14083	1
303	1
18858	1
9763	1
37339	1
20956	1
37433	1
34145	1
3961	1
3175	1
33503	1
19599	1
41946	1
41537	1
9207	1
15417	1
6551	1
32088	1
7283	1
32957	1
36657	1
9143	1
4103	1
42156	1
19688	1
40469	1
39236	1
28573	1
4423	1
5725	1
1831	1
41808	1
14252	1
25764	1
25740	1
34320	1
22270	1
31525	1
20835	1
29010	1
23887	1
4474	1
36211	1
23331	1
14057	1
37545	1
22005	1
41978	1
10472	1
15168	1
39159	1
1917	1
38470	1
7612	1
12545	1
14955	1
25010	1
7027	1
41626	1
23066	1
33950	1
10051	1
19246	1
27541	1
26165	1
39117	1
13487	1
23373	1
15186	1
30874	1
25404	1
10089	1
4863	1
30224	1
13814	1
8256	1
8677	1
23710	1
35644	1
246	1
4588	1
15111	1
17094	1
6409	1
4538	1
19718	1
34701	1
16234	1
16949	1
40163	1
7116	1
15826	1
32071	1
30642	1
28182	1
9840	1
24157	1
8989	1
15216	1
5039	1
28587	1
24356	1
14851	1
1244	1
20260	1
18370	1
8813	1
19148	1
37914	1
13824	1
2584	1
253	1
6936	1
34810	1
30544	1
15492	1
34065	1
16837	1
3055	1
29562	1
13160	1
3476	1
36617	1
12969	1
19627	1
32158	1
18891	1
29065	1
16974	1
22500	1
25964	1
13760	1
13759	1
33125	1
1770	1
19643	1
243	1
30315	1
12843	1
37798	1
12527	1
41121	1
10987	1
3425	1
7003	1
26855	1
16858	1
8489	1
31471	1
34733	1
4472	1
23580	1
10966	1
3721	1
20456	1
15790	1
16467	1
26118	1
23279	1
13294	1
20959	1
21744	1
26386	1
31812	1
32387	1
25204	1
7011	1
12269	1
29041	1
28860	1
34452	1
6396	1
39924	1
21483	1
17787	1
24813	1
1574	1
23977	1
41565	1
28507	1
32840	1
41799	1
22286	1
40963	1
38614	1
35511	1
35790	1
1963	1
23863	1
38659	1
38658	1
14907	1
16670	1
16675	1
15416	1
27949	1
6526	1
21778	1
