Correlation matrix, Row - Column = DNA - RNA, Context = ESR1, positive correlations, option = unit) and threshold = 0.6
endnotes
11100000000000000011100000000111101100001010001100000000000000
00011100000000001000000000000000000000000000000000000000000000
00000010000000010001100000100111101100001010001101100000000000
00000001000000000000000000000000000000100001100000000100000000
00000000100000000000000000000000000000000000001101100000000000
00000000010000000000000000000000000000000000000000001010000001
00000000001000000000000000000000000000000000000000000000000000
00000000000100000000000000000000000000000000000000000000000000
00000000000010000000000000000000000000000000000000000000000000
00000000000001000000000000000000000000000000000000000000000000
00000000000000100000000000000000000000000000000000000000000000
00000000000000010000000000001010101100001010001101100000000000
00000000000000001000000000000000000000000000000000000000000000
00000000000000000011100000100111101100001010001101100000000000
00000000000000000011000000000101100000001010001000000000000000
00000000000000000100000000000110101100001010001101100000000000
00000000000000000100000000000010100000001010001101100000000000
00000000000000000001100000100111101100001010001101100000000000
00000000000000000001100000000111101000001010001101100000000000
00000000000000000010000000000100000000000000000000000000000000
00000000000000000000100000001100101100000010001101100000000000
00000000000000000000011010000000000000000000000000000000000001
00000000000000000000011010000000000000000000000000000000000001
00000000000000000000010000000000000000000000000000000000000000
00000000000000000000001010000000000000000000000000000010000001
00000000000000000000001010000000000000000000000000000000000001
00000000000000000000000100100000001000000010001101100000000000
00000000000000000000000100000010001000000010000101100000000000
00000000000000000000000100000000000000000000000001000000000000
00000000000000000000000010000000000000000000000000000010000001
00000000000000000000000010000000000000000000000000000010000001
00000000000000000000000000101110101100001010001101100000000000
00000000000000000000000001010000010000110001100000000000000000
00000000000000000000000001010000010000100001100000000000000000
00000000000000000000000001010000010000010001000000000000000000
00000000000000000000000000100101101100000010001101100000000000
00000000000000000000000000100101101000000010001101100000000000
00000000000000000000000000100101001000000010001101000000000000
00000000000000000000000001000000000000000000000000000000000000
00000000000000000000000000001010101100000010001101100000000000
00000000000000000000000000010000010011110001000000000000000000
00000000000000000000000000010000010010110001100000000000000000
00000000000000000000000000000111101100000010001101100000000000
00000000000000000000000000010000010000100001000000000000000000
00000000000000000000000000010000000010110001100000000100000000
00000000000000000000000000000111100000001010001101100000000000
00000000000000000000000000001000101100001000001101100000000000
00000000000000000000000000001000101100000010001101100000000000
00000000000000000000000000000111000000001010000101100000000000
00000000000000000000000000001000001000000010001101100000000000
00000000000000000000000000001000000000000000001101100000000000
00000000000000000000000000000101001000000010001101100000000000
00000000000000000000000000000101000000000010001101100000000000
00000000000000000000000000000101000000000000000101000000000000
00000000000000000000000000000010101100001010001101100000000000
00000000000000000000000000000010101100001010001101100000000000
00000000000000000000000000000010101000001010001101100000000000
00000000000000000000000000000010100000001010001101100000000000
00000000000000000000000000000010000000001010001101100000000000
00000000000000000000000000000000101100000000001101100000000000
00000000000000000000000000000000101000001000001100000000000000
00000000000000000000000000000000101000000010001101100000000000
00000000000000000000000000000000100000001010001101100000000000
00000000000000000000000000000001000000000000001000000000000000
00000000000000000000000000000001000000000000001000000000000000
00000000000000000000000000000001000000000000000000000000000000
00000000000000000000000000000000010010110001100000000000000000
00000000000000000000000000000000010010110000000000000000000000
00000000000000000000000000000000010010110000000000000000000000
00000000000000000000000000000000010010110000000000000000000000
00000000000000000000000000000000010000110001000000000000000000
00000000000000000000000000000000001100000010001101100000000000
00000000000000000000000000000000001100000010001101000000000000
00000000000000000000000000000000000010110000000000000000000000
00000000000000000000000000000000000011000000000000000100000000
00000000000000000000000000000000010000010000000000000000000000
00000000000000000000000000000000010000010000000000000000000000
00000000000000000000000000000000000010100001100000000100000100
00000000000000000000000000000000010000000000000000000000000000
00000000000000000000000000000000000010010001000000000000000000
00000000000000000000000000000000000100000010001101100000000000
00000000000000000000000000000000001000000010001001100000000000
00000000000000000000000000000000001000000000001101000000000000
00000000000000000000000000000000000100000000001101100000000000
00000000000000000000000000000000000100000000001101100000000000
00000000000000000000000000000000000100000000001101000000000000
00000000000000000000000000000000001000000000001000000000000000
00000000000000000000000000000000000010000000100000000100000000
00000000000000000000000000000000000000110000100000000000000100
00000000000000000000000000000000000000110000100000000000000000
00000000000000000000000000000000000000110000100000000000000000
00000000000000000000000000000000000010000000000000000000000100
00000000000000000000000000000000000000110000000000000000000000
00000000000000000000000000000000000001000000000000001010000001
00000000000000000000000000000000000001000000000000000100000000
00000000000000000000000000000000000001000000000000000000000000
00000000000000000000000000000000000001000000000000000000000000
00000000000000000000000000000000000001000000000000000000000000
00000000000000000000000000000000000000100000100000000000000000
00000000000000000000000000000000000000100000100000000000000000
00000000000000000000000000000000000000010001100000000000000100
00000000000000000000000000000000000000001010001101100000000000
00000000000000000000000000000000000000001010001101100000000000
00000000000000000000000000000000000000000100010010010001111110
00000000000000000000000000000000000000000100010010010001111110
00000000000000000000000000000000000000000100010010010001111110
00000000000000000000000000000000000000000100010010010001111110
00000000000000000000000000000000000000000100010010010001111110
00000000000000000000000000000000000000000100010010010001111110
00000000000000000000000000000000000000000100010010010001111110
00000000000000000000000000000000000000000100010010010001111110
00000000000000000000000000000000000000000100010010010001111010
00000000000000000000000000000000000000000100010010010001111010
00000000000000000000000000000000000000001010000101100000000000
00000000000000000000000000000000000000001010000101100000000000
00000000000000000000000000000000000000001010000001000000000000
00000000000000000000000000000000000000010000000000000000000000
00000000000000000000000000000000000000010000000000000000000000
00000000000000000000000000000000000000001000001101100000000000
00000000000000000000000000000000000000001000001100000000000000
00000000000000000000000000000000000000001000001001100000000000
00000000000000000000000000000000000000000001100000000100000100
00000000000000000000000000000000000000000001100000000100000100
00000000000000000000000000000000000000000010001101100000000000
00000000000000000000000000000000000000000010001001000000000000
00000000000000000000000000000000000000000010000101100000000000
00000000000000000000000000000000000000000010000101100000000000
00000000000000000000000000000000000000000010000101100000000000
00000000000000000000000000000000000000000001000000000100000100
00000000000000000000000000000000000000000001000000000000000100
00000000000000000000000000000000000000000001000000000000000100
00000000000000000000000000000000000000000001000000000000000100
00000000000000000000000000000000000000000001000000000000000100
00000000000000000000000000000000000000000000100000000100000000
00000000000000000000000000000000000000000000100000000000001110
00000000000000000000000000000000000000000000100000000000001100
00000000000000000000000000000000000000000000100000000000001100
00000000000000000000000000000000000000000000100000000000000000
00000000000000000000000000000000000000000000010010010001111110
00000000000000000000000000000000000000000000010010010001111110
00000000000000000000000000000000000000000000010010010001111110
00000000000000000000000000000000000000000000010010010001111110
00000000000000000000000000000000000000000000010010010001111110
00000000000000000000000000000000000000000000010010010001111110
00000000000000000000000000000000000000000000010010010001111010
00000000000000000000000000000000000000000000010010010001111010
00000000000000000000000000000000000000000000010010010001111010
00000000000000000000000000000000000000000000010010010001111010
00000000000000000000000000000000000000000000010000010001111110
00000000000000000000000000000000000000000000001101100000000000
00000000000000000000000000000000000000000000001101100000000000
00000000000000000000000000000000000000000000001101000000000000
00000000000000000000000000000000000000000000001001100000000000
00000000000000000000000000000000000000000000001000100000000000
00000000000000000000000000000000000000000000001000000000000000
00000000000000000000000000000000000000000000001000000000000000
00000000000000000000000000000000000000000000001000000000000000
00000000000000000000000000000000000000000000000101100000000000
00000000000000000000000000000000000000000000000101100000000000
00000000000000000000000000000000000000000000000101100000000000
00000000000000000000000000000000000000000000000101100000000000
00000000000000000000000000000000000000000000000101100000000000
00000000000000000000000000000000000000000000000101100000000000
00000000000000000000000000000000000000000000000101100000000000
00000000000000000000000000000000000000000000000101100000000000
00000000000000000000000000000000000000000000000101100000000000
00000000000000000000000000000000000000000000000101100000000000
00000000000000000000000000000000000000000000000101100000000000
00000000000000000000000000000000000000000000000010010001111110
00000000000000000000000000000000000000000000000010010001111110
00000000000000000000000000000000000000000000000010010001111110
00000000000000000000000000000000000000000000000010010001111110
00000000000000000000000000000000000000000000000010010001111110
00000000000000000000000000000000000000000000000010010001111110
00000000000000000000000000000000000000000000000010010001111110
00000000000000000000000000000000000000000000000010010001111110
00000000000000000000000000000000000000000000000010010001111110
00000000000000000000000000000000000000000000000010010001111110
00000000000000000000000000000000000000000000000010010001111110
00000000000000000000000000000000000000000000000010010001111110
00000000000000000000000000000000000000000000000010010001111110
00000000000000000000000000000000000000000000000010010001111110
00000000000000000000000000000000000000000000000010010001111110
00000000000000000000000000000000000000000000000010010001111110
00000000000000000000000000000000000000000000000010010001111110
00000000000000000000000000000000000000000000000010010001111110
00000000000000000000000000000000000000000000000010010001111010
00000000000000000000000000000000000000000000000010010001111010
00000000000000000000000000000000000000000000000010010001111010
00000000000000000000000000000000000000000000000010010001111010
00000000000000000000000000000000000000000000000010010001111010
00000000000000000000000000000000000000000000000010010001110010
00000000000000000000000000000000000000000000000100100000000000
00000000000000000000000000000000000000000000000100100000000000
00000000000000000000000000000000000000000000000100100000000000
00000000000000000000000000000000000000000000000100100000000000
00000000000000000000000000000000000000000000000100100000000000
00000000000000000000000000000000000000000000000001100000000000
00000000000000000000000000000000000000000000000001100000000000
00000000000000000000000000000000000000000000000001100000000000
00000000000000000000000000000000000000000000000001100000000000
00000000000000000000000000000000000000000000000001100000000000
00000000000000000000000000000000000000000000000001100000000000
00000000000000000000000000000000000000000000000001100000000000
00000000000000000000000000000000000000000000000001100000000000
00000000000000000000000000000000000000000000000001100000000000
00000000000000000000000000000000000000000000000001100000000000
00000000000000000000000000000000000000000000000001100000000000
00000000000000000000000000000000000000000000000001100000000000
00000000000000000000000000000000000000000000000001000000000000
00000000000000000000000000000000000000000000000001000000000000
00000000000000000000000000000000000000000000000001000000000000
00000000000000000000000000000000000000000000000001000000000000
00000000000000000000000000000000000000000000000000010001111110
00000000000000000000000000000000000000000000000000010001111110
00000000000000000000000000000000000000000000000000010001111110
00000000000000000000000000000000000000000000000000010001111110
00000000000000000000000000000000000000000000000000010001111110
00000000000000000000000000000000000000000000000000010001111110
00000000000000000000000000000000000000000000000000010001111110
00000000000000000000000000000000000000000000000000010001111110
00000000000000000000000000000000000000000000000000010001111110
00000000000000000000000000000000000000000000000000010001111110
00000000000000000000000000000000000000000000000000010001111110
00000000000000000000000000000000000000000000000000010001111110
00000000000000000000000000000000000000000000000000010001111110
00000000000000000000000000000000000000000000000000010001111110
00000000000000000000000000000000000000000000000000010001111110
00000000000000000000000000000000000000000000000000010001111110
00000000000000000000000000000000000000000000000000010001111110
00000000000000000000000000000000000000000000000000010001111110
00000000000000000000000000000000000000000000000000010001111110
00000000000000000000000000000000000000000000000000010001111110
00000000000000000000000000000000000000000000000000010001111010
00000000000000000000000000000000000000000000000000010001111010
00000000000000000000000000000000000000000000000000010001111010
00000000000000000000000000000000000000000000000000010001111010
00000000000000000000000000000000000000000000000000010001111010
00000000000000000000000000000000000000000000000000010001111010
00000000000000000000000000000000000000000000000000010001111010
00000000000000000000000000000000000000000000000000010001111010
00000000000000000000000000000000000000000000000000010001111010
00000000000000000000000000000000000000000000000000010001111010
00000000000000000000000000000000000000000000000000010001111010
00000000000000000000000000000000000000000000000000010001111010
00000000000000000000000000000000000000000000000000010001111010
00000000000000000000000000000000000000000000000000010001111010
00000000000000000000000000000000000000000000000000010001111010
00000000000000000000000000000000000000000000000000010001111010
00000000000000000000000000000000000000000000000000010001111010
00000000000000000000000000000000000000000000000000010001111010
00000000000000000000000000000000000000000000000000010001111010
00000000000000000000000000000000000000000000000000010001111010
00000000000000000000000000000000000000000000000000010001111010
00000000000000000000000000000000000000000000000000010001111010
00000000000000000000000000000000000000000000000000010001111010
00000000000000000000000000000000000000000000000000010001111010
00000000000000000000000000000000000000000000000000010001111010
00000000000000000000000000000000000000000000000000010001111010
00000000000000000000000000000000000000000000000000010001111010
00000000000000000000000000000000000000000000000000010001111010
00000000000000000000000000000000000000000000000000010001111010
00000000000000000000000000000000000000000000000000000101111110
00000000000000000000000000000000000000000000000000010001110010
00000000000000000000000000000000000000000000000000010001110010
00000000000000000000000000000000000000000000000000010001110010
00000000000000000000000000000000000000000000000000010001110010
00000000000000000000000000000000000000000000000000000101011110
00000000000000000000000000000000000000000000000000010000111110
00000000000000000000000000000000000000000000000000010000111110
00000000000000000000000000000000000000000000000000010000111010
00000000000000000000000000000000000000000000000000010000111010
00000000000000000000000000000000000000000000000000010000111010
00000000000000000000000000000000000000000000000000010000111010
00000000000000000000000000000000000000000000000000010000111010
00000000000000000000000000000000000000000000000000010000111010
00000000000000000000000000000000000000000000000000010000111010
00000000000000000000000000000000000000000000000000010000111010
00000000000000000000000000000000000000000000000000000001111110
00000000000000000000000000000000000000000000000000000001111110
00000000000000000000000000000000000000000000000000000001111110
00000000000000000000000000000000000000000000000000000001111110
00000000000000000000000000000000000000000000000000000001111110
00000000000000000000000000000000000000000000000000000001111110
00000000000000000000000000000000000000000000000000000001111110
00000000000000000000000000000000000000000000000000000001111110
00000000000000000000000000000000000000000000000000000001111110
00000000000000000000000000000000000000000000000000000001111110
00000000000000000000000000000000000000000000000000000001111110
00000000000000000000000000000000000000000000000000000001111110
00000000000000000000000000000000000000000000000000000001111110
00000000000000000000000000000000000000000000000000000001111110
00000000000000000000000000000000000000000000000000000001111110
00000000000000000000000000000000000000000000000000000001111110
00000000000000000000000000000000000000000000000000000001111110
00000000000000000000000000000000000000000000000000000001111110
00000000000000000000000000000000000000000000000000000001111110
00000000000000000000000000000000000000000000000000000001111110
00000000000000000000000000000000000000000000000000000001111110
00000000000000000000000000000000000000000000000000000001111110
00000000000000000000000000000000000000000000000000010000110010
00000000000000000000000000000000000000000000000000010000110010
00000000000000000000000000000000000000000000000000010000110010
00000000000000000000000000000000000000000000000000010000110010
00000000000000000000000000000000000000000000000000010000110010
00000000000000000000000000000000000000000000000000010000110010
00000000000000000000000000000000000000000000000000010000110010
00000000000000000000000000000000000000000000000000000110001001
00000000000000000000000000000000000000000000000000001100000001
00000000000000000000000000000000000000000000000000001100000001
00000000000000000000000000000000000000000000000000000001111010
00000000000000000000000000000000000000000000000000000001111010
00000000000000000000000000000000000000000000000000000001111010
00000000000000000000000000000000000000000000000000000001111010
00000000000000000000000000000000000000000000000000000001111010
00000000000000000000000000000000000000000000000000000001111010
00000000000000000000000000000000000000000000000000001010000001
00000000000000000000000000000000000000000000000000001010000001
00000000000000000000000000000000000000000000000000001010000001
00000000000000000000000000000000000000000000000000001010000001
00000000000000000000000000000000000000000000000000001010000001
00000000000000000000000000000000000000000000000000001010000001
00000000000000000000000000000000000000000000000000001010000001
00000000000000000000000000000000000000000000000000001010000001
00000000000000000000000000000000000000000000000000001010000001
00000000000000000000000000000000000000000000000000001010000001
00000000000000000000000000000000000000000000000000001010000001
00000000000000000000000000000000000000000000000000001010000001
00000000000000000000000000000000000000000000000000001010000001
00000000000000000000000000000000000000000000000000001010000001
00000000000000000000000000000000000000000000000000001010000001
00000000000000000000000000000000000000000000000000001010000001
00000000000000000000000000000000000000000000000000001010000001
00000000000000000000000000000000000000000000000000001010000001
00000000000000000000000000000000000000000000000000001010000001
00000000000000000000000000000000000000000000000000001010000001
00000000000000000000000000000000000000000000000000001010000001
00000000000000000000000000000000000000000000000000001010000001
00000000000000000000000000000000000000000000000000001010000001
00000000000000000000000000000000000000000000000000001010000001
00000000000000000000000000000000000000000000000000001010000001
00000000000000000000000000000000000000000000000000001010000001
00000000000000000000000000000000000000000000000000001010000001
00000000000000000000000000000000000000000000000000001010000001
00000000000000000000000000000000000000000000000000001010000001
00000000000000000000000000000000000000000000000000001010000001
00000000000000000000000000000000000000000000000000001010000001
00000000000000000000000000000000000000000000000000001010000001
00000000000000000000000000000000000000000000000000001010000001
00000000000000000000000000000000000000000000000000001010000001
00000000000000000000000000000000000000000000000000001010000001
00000000000000000000000000000000000000000000000000001010000001
00000000000000000000000000000000000000000000000000001010000001
00000000000000000000000000000000000000000000000000001010000001
00000000000000000000000000000000000000000000000000100000000000
00000000000000000000000000000000000000000000000000100000000000
00000000000000000000000000000000000000000000000000100000000000
00000000000000000000000000000000000000000000000000100000000000
00000000000000000000000000000000000000000000000000100000000000
00000000000000000000000000000000000000000000000000100000000000
00000000000000000000000000000000000000000000000000100000000000
00000000000000000000000000000000000000000000000000100000000000
00000000000000000000000000000000000000000000000000100000000000
00000000000000000000000000000000000000000000000000000110000001
00000000000000000000000000000000000000000000000000000110000001
00000000000000000000000000000000000000000000000000000001110010
00000000000000000000000000000000000000000000000000010000100010
00000000000000000000000000000000000000000000000000000110000000
00000000000000000000000000000000000000000000000000000001011110
00000000000000000000000000000000000000000000000000000001011110
00000000000000000000000000000000000000000000000000000001011110
00000000000000000000000000000000000000000000000000000001011110
00000000000000000000000000000000000000000000000000000001011110
00000000000000000000000000000000000000000000000000000001011110
00000000000000000000000000000000000000000000000000000001011110
00000000000000000000000000000000000000000000000000000001011110
00000000000000000000000000000000000000000000000000000001011110
00000000000000000000000000000000000000000000000000000001011010
00000000000000000000000000000000000000000000000000000001011010
00000000000000000000000000000000000000000000000000000001011010
00000000000000000000000000000000000000000000000000000100001110
00000000000000000000000000000000000000000000000000000100001110
00000000000000000000000000000000000000000000000000000100001110
00000000000000000000000000000000000000000000000000000100001110
00000000000000000000000000000000000000000000000000000000111110
00000000000000000000000000000000000000000000000000000000111110
00000000000000000000000000000000000000000000000000000000111110
00000000000000000000000000000000000000000000000000000100001101
00000000000000000000000000000000000000000000000000000100001101
00000000000000000000000000000000000000000000000000000100001100
00000000000000000000000000000000000000000000000000000001010010
00000000000000000000000000000000000000000000000000000001010010
00000000000000000000000000000000000000000000000000000001010010
00000000000000000000000000000000000000000000000000000001001110
00000000000000000000000000000000000000000000000000000000111010
00000000000000000000000000000000000000000000000000000000111010
00000000000000000000000000000000000000000000000000000000111010
00000000000000000000000000000000000000000000000000000000111010
00000000000000000000000000000000000000000000000000000000111010
00000000000000000000000000000000000000000000000000000000111010
00000000000000000000000000000000000000000000000000000000111010
00000000000000000000000000000000000000000000000000000000111010
00000000000000000000000000000000000000000000000000000100001001
00000000000000000000000000000000000000000000000000000100001001
00000000000000000000000000000000000000000000000000000100001000
00000000000000000000000000000000000000000000000000000100001000
00000000000000000000000000000000000000000000000000000100000100
00000000000000000000000000000000000000000000000000001000000001
00000000000000000000000000000000000000000000000000001000000001
00000000000000000000000000000000000000000000000000001000000001
00000000000000000000000000000000000000000000000000001000000001
00000000000000000000000000000000000000000000000000001000000001
00000000000000000000000000000000000000000000000000001000000001
00000000000000000000000000000000000000000000000000001000000001
00000000000000000000000000000000000000000000000000001000000001
00000000000000000000000000000000000000000000000000001000000001
00000000000000000000000000000000000000000000000000001000000001
00000000000000000000000000000000000000000000000000001000000001
00000000000000000000000000000000000000000000000000001000000001
00000000000000000000000000000000000000000000000000001000000001
00000000000000000000000000000000000000000000000000001000000001
00000000000000000000000000000000000000000000000000001000000001
00000000000000000000000000000000000000000000000000000000110010
00000000000000000000000000000000000000000000000000000000110010
00000000000000000000000000000000000000000000000000000000110010
00000000000000000000000000000000000000000000000000000000110010
00000000000000000000000000000000000000000000000000000000110010
00000000000000000000000000000000000000000000000000000000110010
00000000000000000000000000000000000000000000000000000000110010
00000000000000000000000000000000000000000000000000000000110010
00000000000000000000000000000000000000000000000000000000110010
00000000000000000000000000000000000000000000000000000000110010
00000000000000000000000000000000000000000000000000000100000001
00000000000000000000000000000000000000000000000000000100000001
00000000000000000000000000000000000000000000000000000100000001
00000000000000000000000000000000000000000000000000000100000001
00000000000000000000000000000000000000000000000000000100000001
00000000000000000000000000000000000000000000000000000010000001
00000000000000000000000000000000000000000000000000000010000001
00000000000000000000000000000000000000000000000000000010000001
00000000000000000000000000000000000000000000000000000010000001
00000000000000000000000000000000000000000000000000000010000001
00000000000000000000000000000000000000000000000000000010000001
00000000000000000000000000000000000000000000000000000010000001
00000000000000000000000000000000000000000000000000000010000001
00000000000000000000000000000000000000000000000000000010000001
00000000000000000000000000000000000000000000000000000010000001
00000000000000000000000000000000000000000000000000000010000001
00000000000000000000000000000000000000000000000000000010000001
00000000000000000000000000000000000000000000000000000010000001
00000000000000000000000000000000000000000000000000000010000001
00000000000000000000000000000000000000000000000000000010000001
00000000000000000000000000000000000000000000000000000010000001
00000000000000000000000000000000000000000000000000000010000001
00000000000000000000000000000000000000000000000000000000011110
00000000000000000000000000000000000000000000000000000000011110
00000000000000000000000000000000000000000000000000000000011110
00000000000000000000000000000000000000000000000000000000011110
00000000000000000000000000000000000000000000000000000000011110
00000000000000000000000000000000000000000000000000000000011110
00000000000000000000000000000000000000000000000000000000011110
00000000000000000000000000000000000000000000000000000000011110
00000000000000000000000000000000000000000000000000000000011110
00000000000000000000000000000000000000000000000000000000011110
00000000000000000000000000000000000000000000000000000100000000
00000000000000000000000000000000000000000000000000000100000000
00000000000000000000000000000000000000000000000000000100000000
00000000000000000000000000000000000000000000000000000100000000
00000000000000000000000000000000000000000000000000000100000000
00000000000000000000000000000000000000000000000000000100000000
00000000000000000000000000000000000000000000000000000100000000
00000000000000000000000000000000000000000000000000000100000000
00000000000000000000000000000000000000000000000000000100000000
00000000000000000000000000000000000000000000000000000100000000
00000000000000000000000000000000000000000000000000000100000000
00000000000000000000000000000000000000000000000000000100000000
00000000000000000000000000000000000000000000000000000100000000
00000000000000000000000000000000000000000000000000000100000000
00000000000000000000000000000000000000000000000000000100000000
00000000000000000000000000000000000000000000000000000100000000
00000000000000000000000000000000000000000000000000000001000010
00000000000000000000000000000000000000000000000000000010000000
00000000000000000000000000000000000000000000000000000000011010
00000000000000000000000000000000000000000000000000000000010110
00000000000000000000000000000000000000000000000000000000100010
00000000000000000000000000000000000000000000000000000000100010
00000000000000000000000000000000000000000000000000000000100010
00000000000000000000000000000000000000000000000000000000100010
00000000000000000000000000000000000000000000000000000000100010
00000000000000000000000000000000000000000000000000000000010010
00000000000000000000000000000000000000000000000000000000010010
00000000000000000000000000000000000000000000000000000000010010
00000000000000000000000000000000000000000000000000000000010010
00000000000000000000000000000000000000000000000000000000010010
00000000000000000000000000000000000000000000000000000000010010
00000000000000000000000000000000000000000000000000000000001110
00000000000000000000000000000000000000000000000000000000001110
00000000000000000000000000000000000000000000000000000000001110
00000000000000000000000000000000000000000000000000000000001110
00000000000000000000000000000000000000000000000000000000001110
00000000000000000000000000000000000000000000000000000000001110
00000000000000000000000000000000000000000000000000000000001110
00000000000000000000000000000000000000000000000000000000001110
00000000000000000000000000000000000000000000000000000000001110
00000000000000000000000000000000000000000000000000000000001110
00000000000000000000000000000000000000000000000000000000001110
00000000000000000000000000000000000000000000000000000000001110
00000000000000000000000000000000000000000000000000000000001110
00000000000000000000000000000000000000000000000000000000001110
00000000000000000000000000000000000000000000000000000000001110
00000000000000000000000000000000000000000000000000000000001110
00000000000000000000000000000000000000000000000000000000001110
00000000000000000000000000000000000000000000000000000000001110
00000000000000000000000000000000000000000000000000000000001110
00000000000000000000000000000000000000000000000000000000001110
00000000000000000000000000000000000000000000000000000000001110
00000000000000000000000000000000000000000000000000000000001110
00000000000000000000000000000000000000000000000000000000001110
00000000000000000000000000000000000000000000000000000000001110
00000000000000000000000000000000000000000000000000000000001110
00000000000000000000000000000000000000000000000000000000001110
00000000000000000000000000000000000000000000000000000000001110
00000000000000000000000000000000000000000000000000000000001110
00000000000000000000000000000000000000000000000000000000001110
00000000000000000000000000000000000000000000000000000000001110
00000000000000000000000000000000000000000000000000000000001110
00000000000000000000000000000000000000000000000000000000001110
00000000000000000000000000000000000000000000000000000000001110
00000000000000000000000000000000000000000000000000000000001110
00000000000000000000000000000000000000000000000000000000001110
00000000000000000000000000000000000000000000000000000000100000
00000000000000000000000000000000000000000000000000000000010000
00000000000000000000000000000000000000000000000000000000010000
00000000000000000000000000000000000000000000000000000000001100
00000000000000000000000000000000000000000000000000000000001100
00000000000000000000000000000000000000000000000000000000001100
00000000000000000000000000000000000000000000000000000000001100
00000000000000000000000000000000000000000000000000000000001100
00000000000000000000000000000000000000000000000000000000001100
00000000000000000000000000000000000000000000000000000000001100
00000000000000000000000000000000000000000000000000000000001100
00000000000000000000000000000000000000000000000000000000001100
00000000000000000000000000000000000000000000000000000000001100
00000000000000000000000000000000000000000000000000000000001100
00000000000000000000000000000000000000000000000000000000001100
00000000000000000000000000000000000000000000000000000000001100
00000000000000000000000000000000000000000000000000000000001100
00000000000000000000000000000000000000000000000000000000001100
00000000000000000000000000000000000000000000000000000000001100
00000000000000000000000000000000000000000000000000000000001100
00000000000000000000000000000000000000000000000000000000001010
00000000000000000000000000000000000000000000000000000000001010
00000000000000000000000000000000000000000000000000000000001010
00000000000000000000000000000000000000000000000000000000001010
00000000000000000000000000000000000000000000000000000000001010
00000000000000000000000000000000000000000000000000000000001010
00000000000000000000000000000000000000000000000000000000001010
00000000000000000000000000000000000000000000000000000000001010
00000000000000000000000000000000000000000000000000000000001010
00000000000000000000000000000000000000000000000000000000001010
00000000000000000000000000000000000000000000000000000000001010
00000000000000000000000000000000000000000000000000000000001001
00000000000000000000000000000000000000000000000000000000001000
00000000000000000000000000000000000000000000000000000000001000
00000000000000000000000000000000000000000000000000000000001000
00000000000000000000000000000000000000000000000000000000001000
00000000000000000000000000000000000000000000000000000000001000
00000000000000000000000000000000000000000000000000000000001000
00000000000000000000000000000000000000000000000000000000001000
00000000000000000000000000000000000000000000000000000000001000
00000000000000000000000000000000000000000000000000000000001000
00000000000000000000000000000000000000000000000000000000001000
00000000000000000000000000000000000000000000000000000000001000
00000000000000000000000000000000000000000000000000000000001000
00000000000000000000000000000000000000000000000000000000000100
00000000000000000000000000000000000000000000000000000000000100
00000000000000000000000000000000000000000000000000000000000100
00000000000000000000000000000000000000000000000000000000000100
00000000000000000000000000000000000000000000000000000000000100
00000000000000000000000000000000000000000000000000000000000100
00000000000000000000000000000000000000000000000000000000000100
00000000000000000000000000000000000000000000000000000000000100
00000000000000000000000000000000000000000000000000000000000100
00000000000000000000000000000000000000000000000000000000000100
00000000000000000000000000000000000000000000000000000000000100
00000000000000000000000000000000000000000000000000000000000100
00000000000000000000000000000000000000000000000000000000000100
00000000000000000000000000000000000000000000000000000000000100
00000000000000000000000000000000000000000000000000000000000100
00000000000000000000000000000000000000000000000000000000000100
00000000000000000000000000000000000000000000000000000000000100
00000000000000000000000000000000000000000000000000000000000100
00000000000000000000000000000000000000000000000000000000000100
00000000000000000000000000000000000000000000000000000000000100
00000000000000000000000000000000000000000000000000000000000100
00000000000000000000000000000000000000000000000000000000000100
00000000000000000000000000000000000000000000000000000000000100
00000000000000000000000000000000000000000000000000000000000100
00000000000000000000000000000000000000000000000000000000000100
00000000000000000000000000000000000000000000000000000000000100
00000000000000000000000000000000000000000000000000000000000100
00000000000000000000000000000000000000000000000000000000000100
00000000000000000000000000000000000000000000000000000000000010
00000000000000000000000000000000000000000000000000000000000010
00000000000000000000000000000000000000000000000000000000000010
00000000000000000000000000000000000000000000000000000000000010
00000000000000000000000000000000000000000000000000000000000010
00000000000000000000000000000000000000000000000000000000000010
00000000000000000000000000000000000000000000000000000000000010
00000000000000000000000000000000000000000000000000000000000010
00000000000000000000000000000000000000000000000000000000000010
00000000000000000000000000000000000000000000000000000000000010
00000000000000000000000000000000000000000000000000000000000010
00000000000000000000000000000000000000000000000000000000000010
00000000000000000000000000000000000000000000000000000000000010
00000000000000000000000000000000000000000000000000000000000010
00000000000000000000000000000000000000000000000000000000000010
00000000000000000000000000000000000000000000000000000000000010
00000000000000000000000000000000000000000000000000000000000010
00000000000000000000000000000000000000000000000000000000000010
00000000000000000000000000000000000000000000000000000000000010
00000000000000000000000000000000000000000000000000000000000010
00000000000000000000000000000000000000000000000000000000000010
00000000000000000000000000000000000000000000000000000000000010
00000000000000000000000000000000000000000000000000000000000010
00000000000000000000000000000000000000000000000000000000000010
00000000000000000000000000000000000000000000000000000000000010
00000000000000000000000000000000000000000000000000000000000001
00000000000000000000000000000000000000000000000000000000000001
00000000000000000000000000000000000000000000000000000000000001
00000000000000000000000000000000000000000000000000000000000001
00000000000000000000000000000000000000000000000000000000000001
00000000000000000000000000000000000000000000000000000000000001
00000000000000000000000000000000000000000000000000000000000001
00000000000000000000000000000000000000000000000000000000000001
00000000000000000000000000000000000000000000000000000000000001
00000000000000000000000000000000000000000000000000000000000001
00000000000000000000000000000000000000000000000000000000000001
00000000000000000000000000000000000000000000000000000000000001
00000000000000000000000000000000000000000000000000000000000001
00000000000000000000000000000000000000000000000000000000000001
00000000000000000000000000000000000000000000000000000000000001
00000000000000000000000000000000000000000000000000000000000001
00000000000000000000000000000000000000000000000000000000000001
00000000000000000000000000000000000000000000000000000000000001
00000000000000000000000000000000000000000000000000000000000001
00000000000000000000000000000000000000000000000000000000000001
00000000000000000000000000000000000000000000000000000000000001
00000000000000000000000000000000000000000000000000000000000001
00000000000000000000000000000000000000000000000000000000000001
00000000000000000000000000000000000000000000000000000000000001
00000000000000000000000000000000000000000000000000000000000001
00000000000000000000000000000000000000000000000000000000000001
00000000000000000000000000000000000000000000000000000000000001
00000000000000000000000000000000000000000000000000000000000001
00000000000000000000000000000000000000000000000000000000000001
00000000000000000000000000000000000000000000000000000000000001
00000000000000000000000000000000000000000000000000000000000001
00000000000000000000000000000000000000000000000000000000000001
00000000000000000000000000000000000000000000000000000000000001
00000000000000000000000000000000000000000000000000000000000001
00000000000000000000000000000000000000000000000000000000000001
00000000000000000000000000000000000000000000000000000000000001
00000000000000000000000000000000000000000000000000000000000001
00000000000000000000000000000000000000000000000000000000000001
00000000000000000000000000000000000000000000000000000000000001
00000000000000000000000000000000000000000000000000000000000001
00000000000000000000000000000000000000000000000000000000000001
00000000000000000000000000000000000000000000000000000000000001
00000000000000000000000000000000000000000000000000000000000001
00000000000000000000000000000000000000000000000000000000000001
00000000000000000000000000000000000000000000000000000000000001
00000000000000000000000000000000000000000000000000000000000001
00000000000000000000000000000000000000000000000000000000000001
00000000000000000000000000000000000000000000000000000000000001
00000000000000000000000000000000000000000000000000000000000001
00000000000000000000000000000000000000000000000000000000000001
00000000000000000000000000000000000000000000000000000000000001
00000000000000000000000000000000000000000000000000000000000001
00000000000000000000000000000000000000000000000000000000000001
00000000000000000000000000000000000000000000000000000000000001
00000000000000000000000000000000000000000000000000000000000001
00000000000000000000000000000000000000000000000000000000000001
00000000000000000000000000000000000000000000000000000000000001
00000000000000000000000000000000000000000000000000000000000001
00000000000000000000000000000000000000000000000000000000000001
00000000000000000000000000000000000000000000000000000000000001
00000000000000000000000000000000000000000000000000000000000001
00000000000000000000000000000000000000000000000000000000000001
00000000000000000000000000000000000000000000000000000000000001
00000000000000000000000000000000000000000000000000000000000001
00000000000000000000000000000000000000000000000000000000000001
00000000000000000000000000000000000000000000000000000000000001
00000000000000000000000000000000000000000000000000000000000001
00000000000000000000000000000000000000000000000000000000000001
00000000000000000000000000000000000000000000000000000000000001
00000000000000000000000000000000000000000000000000000000000001
00000000000000000000000000000000000000000000000000000000000001
00000000000000000000000000000000000000000000000000000000000001
00000000000000000000000000000000000000000000000000000000000001
00000000000000000000000000000000000000000000000000000000000001
00000000000000000000000000000000000000000000000000000000000001
00000000000000000000000000000000000000000000000000000000000001
00000000000000000000000000000000000000000000000000000000000001
00000000000000000000000000000000000000000000000000000000000001
00000000000000000000000000000000000000000000000000000000000001
00000000000000000000000000000000000000000000000000000000000001
00000000000000000000000000000000000000000000000000000000000001
00000000000000000000000000000000000000000000000000000000000001
00000000000000000000000000000000000000000000000000000000000001
00000000000000000000000000000000000000000000000000000000000001
00000000000000000000000000000000000000000000000000000000000001
00000000000000000000000000000000000000000000000000000000000001
00000000000000000000000000000000000000000000000000000000000001
00000000000000000000000000000000000000000000000000000000000001
00000000000000000000000000000000000000000000000000000000000001
00000000000000000000000000000000000000000000000000000000000001
